http://schema.org/SearchResultsPage
http://www.w3.org/2000/svg
http://www.w3.org/2000/svg\x22
https://accounts.google.com/Logout?hl=en\u0026continue=https://www.google.co.uk/search%3Fq%3Dmiley%2Bcyrus%2Bparty%2Bwith%2Bsour%2Blyrics%2Bvideo%2B%2540hyunja%26udm%3D2%26tbs%3Drimg:CdcO49O7RZx9YVnqTsP89FWzsgIAwAIA2AIA4AIA%26hl%3Den%26sa%3DX%26ved%3D0CB4QuIIBahgKEwjAoJHO78mKAxUAAAAAHQAAAAAQqQE%26biw%3D1128%26bih%3D1133%26dpr%3D2%26noiga%3D1%26ptid%3D19031260%26ptt%3D8%26fpts%3D1735369345319\u0026ec=futura_srp_og_si_4885284_p
https://accounts.google.com/ServiceLogin?hl=en&amp;passive=true&amp;continue=https://www.google.co.uk/search%3Fq%3Dmiley%2Bcyrus%2Bparty%2Bwith%2Bsour%2Blyrics%2Bvideo%2B%2540hyunja%26udm%3D2%26tbs%3Drimg:CdcO49O7RZx9YVnqTsP89FWzsgIAwAIA2AIA4AIA%26hl%3Den%26sa%3DX%26ved%3D0CB4QuIIBahgKEwjAoJHO78mKAxUAAAAAHQAAAAAQqQE%26biw%3D1128%26bih%3D1133%26dpr%3D2%26noiga%3D1%26ptid%3D19031260%26ptt%3D8%26fpts%3D1735369345319&amp;ec=futura_srp_og_si_4885284_p
https://accounts.google.com/ServiceLogin?hl=en\u0026passive=true\u0026continue=https://www.google.co.uk/search%3Fq%3Dmiley%2Bcyrus%2Bparty%2Bwith%2Bsour%2Blyrics%2Bvideo%2B%2540hyunja%26udm%3D2%26tbs%3Drimg:CdcO49O7RZx9YVnqTsP89FWzsgIAwAIA2AIA4AIA%26hl%3Den%26sa%3DX%26ved%3D0CB4QuIIBahgKEwjAoJHO78mKAxUAAAAAHQAAAAAQqQE%26biw%3D1128%26bih%3D1133%26dpr%3D2%26noiga%3D1%26ptid%3D19031260%26ptt%3D8%26fpts%3D1735369345319\u0026ec=futura_srp_og_si_4885284_p
https://accounts.google.com/SignOutOptions?hl=en\u0026continue=https://www.google.co.uk/search%3Fq%3Dmiley%2Bcyrus%2Bparty%2Bwith%2Bsour%2Blyrics%2Bvideo%2B%2540hyunja%26udm%3D2%26tbs%3Drimg:CdcO49O7RZx9YVnqTsP89FWzsgIAwAIA2AIA4AIA%26hl%3Den%26sa%3DX%26ved%3D0CB4QuIIBahgKEwjAoJHO78mKAxUAAAAAHQAAAAAQqQE%26biw%3D1128%26bih%3D1133%26dpr%3D2%26noiga%3D1%26ptid%3D19031260%26ptt%3D8%26fpts%3D1735369345319\u0026ec=futura_srp_og_si_4885284_p
https://encrypted-tbn0.gstatic.com/images?q\u003dtbn:ANd9GcQ1U0hd6rfNqlUXzL2QbLASZxHeNqM-u6T-MQ\u0026s
https://encrypted-tbn0.gstatic.com/images?q\u003dtbn:ANd9GcQ9RcAugnkrSDjH8ch514jGsYf_4qP5wGCzfd9yjpFstA\u0026s
https://encrypted-tbn0.gstatic.com/images?q\u003dtbn:ANd9GcQ9bTKtf4Hq2kl1wppkBqxFmzpEFKITqLpAAA\u0026s
https://encrypted-tbn0.gstatic.com/images?q\u003dtbn:ANd9GcQ9bv0RfgH8Bi4Roc8Z7CLLT5uw_l4LQQiGYWF3mNmJPg\u0026s
https://encrypted-tbn0.gstatic.com/images?q\u003dtbn:ANd9GcQBggxAFhLpU3VhTG6LWtTyfGjVop7qfVEkHA\u0026s
https://encrypted-tbn0.gstatic.com/images?q\u003dtbn:ANd9GcQEoPZRm8A1We7BIzAIKzxVns4VOe5vHicMMB0i-I_iWg\u0026s
https://encrypted-tbn0.gstatic.com/images?q\u003dtbn:ANd9GcQFcS2oJGST6K98dyYGSi3eGFGN--sQ6IOHlw\u0026s
https://encrypted-tbn0.gstatic.com/images?q\u003dtbn:ANd9GcQILh886-HONi2kToMRll_A6SZLzTR3JktrYA\u0026s
https://encrypted-tbn0.gstatic.com/images?q\u003dtbn:ANd9GcQJve3cAwEV60t6mCVjQPlQG8GN8902Ua4PqVH2ITk5kA\u0026s
https://encrypted-tbn0.gstatic.com/images?q\u003dtbn:ANd9GcQJwwt-TCAHCzuXQKa2g_V5DijCMldCgvlYBseTQY-8hA\u0026s
https://encrypted-tbn0.gstatic.com/images?q\u003dtbn:ANd9GcQMm_MOJa1RNbOLUoQjWLpCTzl1UqcK1jQcoQ\u0026s
https://encrypted-tbn0.gstatic.com/images?q\u003dtbn:ANd9GcQMt3U0CaKI0DDI-G-qI32GV34tUKkR6zCKlw\u0026s
https://encrypted-tbn0.gstatic.com/images?q\u003dtbn:ANd9GcQMwxsvkZGy3vTr7aALcMjgs8NDd6vEUv-8DCZ5Cjgtjg\u0026s
https://encrypted-tbn0.gstatic.com/images?q\u003dtbn:ANd9GcQN8mar25cKycxBTKN06gWqKtao3gaA5mX2HPp021cNBW-0tD8Rexl4gMs\u0026s
https://encrypted-tbn0.gstatic.com/images?q\u003dtbn:ANd9GcQTSdxClNlYj9y8yL_PuakD2fuecv6INAv9JQ\u0026s
https://encrypted-tbn0.gstatic.com/images?q\u003dtbn:ANd9GcQU0FGaMFvyXJKePOOpoCK86cLIpDJoPJ3bKA\u0026s
https://encrypted-tbn0.gstatic.com/images?q\u003dtbn:ANd9GcQUuhjrruegGLyAe83bDc6NukkmULfW9RKvVA\u0026s
https://encrypted-tbn0.gstatic.com/images?q\u003dtbn:ANd9GcQVbfcjqwk5VCp_VRtqe6tgYGpMck3MoXp9pg\u0026s
https://encrypted-tbn0.gstatic.com/images?q\u003dtbn:ANd9GcQWfjVG60uW-47LtbiCPabwHD1iZM32UaESa2dSuQDeSQ\u0026s
https://encrypted-tbn0.gstatic.com/images?q\u003dtbn:ANd9GcQYEzls54F8nupfo08gM7NvQ1hML4HyBikx8574RBrVFQ\u0026s
https://encrypted-tbn0.gstatic.com/images?q\u003dtbn:ANd9GcQYH1GcqP8Kp6wnxcLlME0D1YifuHVi7RtieA\u0026s
https://encrypted-tbn0.gstatic.com/images?q\u003dtbn:ANd9GcQYJYxUxKwEZcot5fixlTxcQeRB35nv1IWA6UqVy7kEBQ\u0026s
https://encrypted-tbn0.gstatic.com/images?q\u003dtbn:ANd9GcQ_ujZ0YwFk-xUZFGCfH5aqor1bogF1AWj7PsRR7uzmNw\u0026s
https://encrypted-tbn0.gstatic.com/images?q\u003dtbn:ANd9GcQbrhbLitlbVZ7qunKLqT5jRThYuQ0s-SfjQg\u0026s
https://encrypted-tbn0.gstatic.com/images?q\u003dtbn:ANd9GcQcI1lXLs2SOuHNA6CxC_0UoRAZWHl8QRYYoyI-hl3quA\u0026s
https://encrypted-tbn0.gstatic.com/images?q\u003dtbn:ANd9GcQeVmkfyDf9QlDOvxD_lZhEZZTEv8JTyvMARvR1OgHm6Q\u0026s
https://encrypted-tbn0.gstatic.com/images?q\u003dtbn:ANd9GcQhVCGeP03uEhxep7JMAenH1rdX5WYa5W0WKg\u0026s
https://encrypted-tbn0.gstatic.com/images?q\u003dtbn:ANd9GcQigd8mtr6VxlidgstAg5-Lfb4RkuPtAcosDw\u0026s
https://encrypted-tbn0.gstatic.com/images?q\u003dtbn:ANd9GcQitReUQ42SPwQHYpUo22JlaHBXYJpeczuYEtAKsk7q5A\u0026s
https://encrypted-tbn0.gstatic.com/images?q\u003dtbn:ANd9GcQklSHQeqLmFGmtxnl3NrXKoV9JjInWP2ALlQ\u0026s
https://encrypted-tbn0.gstatic.com/images?q\u003dtbn:ANd9GcQnE9VDXAT5zvZkchV5I7qEqyoE2saUpSm72CYA0Z27UQ\u0026s
https://encrypted-tbn0.gstatic.com/images?q\u003dtbn:ANd9GcQoTELcuZigGujvveZYSqyPZrujB3SQiS9FCg\u0026s
https://encrypted-tbn0.gstatic.com/images?q\u003dtbn:ANd9GcQpBarLJXVoL9wrt79plv__RdDHXKTS6rW3tw\u0026s
https://encrypted-tbn0.gstatic.com/images?q\u003dtbn:ANd9GcQq7OiMmtruJAEA_4k0N8dCPk1OmrIvNpGNZw\u0026s
https://encrypted-tbn0.gstatic.com/images?q\u003dtbn:ANd9GcQqwILb8F11qqGxJMlAErNuuo0oXzjY9urfKgeP3cnDXg\u0026s
https://encrypted-tbn0.gstatic.com/images?q\u003dtbn:ANd9GcQrgaZiALx0zN06yg83__Hell-eHwi6q129SFH7ziy6aQ\u0026s
https://encrypted-tbn0.gstatic.com/images?q\u003dtbn:ANd9GcQrsb0d2NZwC6cCpBgQExjLc2cmWyLOdCY29Q\u0026s
https://encrypted-tbn0.gstatic.com/images?q\u003dtbn:ANd9GcQsJFSqZrLuYzBjds2n5JAlTwV_A7FUHabYMw\u0026s
https://encrypted-tbn0.gstatic.com/images?q\u003dtbn:ANd9GcQuOiif_fYYbDoVtO_PUUsdWcfg8UszPxgE3criwe2OOA\u0026s
https://encrypted-tbn0.gstatic.com/images?q\u003dtbn:ANd9GcQvnEpC9FAA7w594g7G0Ux8jJMllMR32s9Nwg\u0026s
https://encrypted-tbn0.gstatic.com/images?q\u003dtbn:ANd9GcQvnW_9KtThoWU_1pyC1zBI4pFgGAA-ysraGw\u0026s
https://encrypted-tbn0.gstatic.com/images?q\u003dtbn:ANd9GcQyWHQYQItKWYBiG9EXmwIIaPgDgWRTvmRnuQ\u0026s
https://encrypted-tbn0.gstatic.com/images?q\u003dtbn:ANd9GcQyvYpWuBuVWAG7EH_oVqnGMrfr71tAahbzsg\u0026s
https://encrypted-tbn0.gstatic.com/images?q\u003dtbn:ANd9GcQz0pYu2jXsZWZ9_NzmAr15C0AL0Vh68BtP1LB4tus8OA\u0026s
https://encrypted-tbn0.gstatic.com/images?q\u003dtbn:ANd9GcR-3xxye8Oz6hrJdxR7bvlLz0_oefpciUvr-Q\u0026s
https://encrypted-tbn0.gstatic.com/images?q\u003dtbn:ANd9GcR-IFUcXwfZZqGhV-uPEP51vqBi3mBA-v6LAhbVXwZEBw\u0026s
https://encrypted-tbn0.gstatic.com/images?q\u003dtbn:ANd9GcR-KCNa901-vBWmdxYnqtLijaiH88MEDLnqXyX267_Cpg\u0026s
https://encrypted-tbn0.gstatic.com/images?q\u003dtbn:ANd9GcR0BmO2PmGglK25dhy4-q4Zvn1DsFRQ5vhoMA\u0026s
https://encrypted-tbn0.gstatic.com/images?q\u003dtbn:ANd9GcR69NcNVtWcrgU3zM08hLFv3qOK4ezBO0eQYGmyGiLQrA\u0026s
https://encrypted-tbn0.gstatic.com/images?q\u003dtbn:ANd9GcR6M-7IdJbSFj6mjPJvxrBpBVmzMNuNYtNuEERwWakDkw\u0026s
https://encrypted-tbn0.gstatic.com/images?q\u003dtbn:ANd9GcR77gdvJ1RslC3-9IxY6SYbFjYNdsYHXKEBXw\u0026s
https://encrypted-tbn0.gstatic.com/images?q\u003dtbn:ANd9GcR7YSystAA7-b9dtdB8IkJYGDIwloUs-nuJhzFIOwRsfA\u0026s
https://encrypted-tbn0.gstatic.com/images?q\u003dtbn:ANd9GcRBM1UuJ8NGMKjw9GRpVLGpK8sX1B_ypqfDNVXOlRb9RA\u0026s
https://encrypted-tbn0.gstatic.com/images?q\u003dtbn:ANd9GcREDO6qajAuhiCifGwcv9w6nESbKm_J1Cbs9g\u0026s
https://encrypted-tbn0.gstatic.com/images?q\u003dtbn:ANd9GcRIBqHRtVPQAHZXoL1WTaYcnIi6meIxtwwwow\u0026s
https://encrypted-tbn0.gstatic.com/images?q\u003dtbn:ANd9GcRKyFBZm1ef38dHcix-yfAimgXbT1cK-rW-Fqj0zVBXJg\u0026s
https://encrypted-tbn0.gstatic.com/images?q\u003dtbn:ANd9GcRMMLGC9G3flpev3nNcPDgvlPj_hSYeaPNjcQ\u0026s
https://encrypted-tbn0.gstatic.com/images?q\u003dtbn:ANd9GcRPDABtdzZCsS_CdMUI5wFeCXTyhjA-d_u023DHXluQew\u0026s
https://encrypted-tbn0.gstatic.com/images?q\u003dtbn:ANd9GcRREYE1Isp8IMVb1pJuuPRI-0qUdDjoJ3PpbHlduEY_jg\u0026s
https://encrypted-tbn0.gstatic.com/images?q\u003dtbn:ANd9GcRSDUzFc5BzDQvwINs-_HbsZZduw_SLpObEHw\u0026s
https://encrypted-tbn0.gstatic.com/images?q\u003dtbn:ANd9GcRTAAeNLV45Hjg5p6mo6xt56O1AQB7JNxydmDHqHc8E-g\u0026s
https://encrypted-tbn0.gstatic.com/images?q\u003dtbn:ANd9GcRVJHyKZLnkur9cRqTiRbonqPjE8Yq6bunvn_lU9dMV3A\u0026s
https://encrypted-tbn0.gstatic.com/images?q\u003dtbn:ANd9GcRVRUimuN8Vd337jjjI6UkVlO9rl_bHuKtkcdgidsqXAA\u0026s
https://encrypted-tbn0.gstatic.com/images?q\u003dtbn:ANd9GcRW9HaGJBWr4RNYwxtksw9Z4hDKXzjiZ3cv7g\u0026s
https://encrypted-tbn0.gstatic.com/images?q\u003dtbn:ANd9GcRXWD6372Y4ulVs0xzre9xLLH6nTY14BbqzfGpY3P0A0w\u0026s
https://encrypted-tbn0.gstatic.com/images?q\u003dtbn:ANd9GcRXpEQzvyL_bdjkiazg7sbNAHFK_sLZzcCLCg\u0026s
https://encrypted-tbn0.gstatic.com/images?q\u003dtbn:ANd9GcR__B_WQOCUa4JD9Y2VQVtcp_alOAWMGqa8QA\u0026s
https://encrypted-tbn0.gstatic.com/images?q\u003dtbn:ANd9GcRapK-sRBUOzKPnWtsFwSUN3-lp4Nj7Q9k8B_krrmaffA\u0026s
https://encrypted-tbn0.gstatic.com/images?q\u003dtbn:ANd9GcRbM7QEsEN8LrzgbtPJ7jMRzXSGPxcen-o_x8UC6k_Qow\u0026s
https://encrypted-tbn0.gstatic.com/images?q\u003dtbn:ANd9GcRbofGoXrbaZhBWbkekdfZB5hOgbMXG9nEryq2O0E6GvQ\u0026s
https://encrypted-tbn0.gstatic.com/images?q\u003dtbn:ANd9GcRfoN6kz1D2c-X_WK5jNl09bIQHLMDNrxSpIvlEOnYjBg\u0026s
https://encrypted-tbn0.gstatic.com/images?q\u003dtbn:ANd9GcRgB1FIGcvV30PrDUuwO8DX5zfzMXdCRBkSMQ\u0026s
https://encrypted-tbn0.gstatic.com/images?q\u003dtbn:ANd9GcRjw0upuua9OJWtOJPIPcZFSNGKjBlzzgAG7A\u0026s
https://encrypted-tbn0.gstatic.com/images?q\u003dtbn:ANd9GcRkHBdeuNRQK-1zmau6Eb4oPpYA09UFHH55YNRy2_tjGQ\u0026s
https://encrypted-tbn0.gstatic.com/images?q\u003dtbn:ANd9GcRkcDmlg75FAe-Kzc8vFCGRyWTx6nlxMfYlog\u0026s
https://encrypted-tbn0.gstatic.com/images?q\u003dtbn:ANd9GcRl8-YzpsBTnHLMJxijflBk5Fp-LYWiM9Xphw\u0026s
https://encrypted-tbn0.gstatic.com/images?q\u003dtbn:ANd9GcRneSNu3698J-1IfuexYInRfk7FeqeQ-Q7PJQ\u0026s
https://encrypted-tbn0.gstatic.com/images?q\u003dtbn:ANd9GcRpYC2f1vb5NZFiANKWE9A1wW95SvpuMTHkMw\u0026s
https://encrypted-tbn0.gstatic.com/images?q\u003dtbn:ANd9GcRrb7mLj0a888YHOZVDX6rHc-jlvVwduQq8Eg\u0026s
https://encrypted-tbn0.gstatic.com/images?q\u003dtbn:ANd9GcRsndapDLzaxRDJsc95sfKdJHslfnv51WXebg\u0026s
https://encrypted-tbn0.gstatic.com/images?q\u003dtbn:ANd9GcRtEkn54JJH7W3ITLPuHk2YgC-Y7-yS1bYzaA\u0026s
https://encrypted-tbn0.gstatic.com/images?q\u003dtbn:ANd9GcRvZ42e_lWxW6WXQvKfYopkNifMBMdrYWxJrfj_nGSxFQ\u0026s
https://encrypted-tbn0.gstatic.com/images?q\u003dtbn:ANd9GcRxDCIjDOC-oHUV0ierlVR_RsC_XLV9wroiOxJ_KCiIPA\u0026s
https://encrypted-tbn0.gstatic.com/images?q\u003dtbn:ANd9GcRy26Sq4OJtBZDaUhA0i5wf_dAN9sFRnQ_o4LU45ovDQg\u0026s
https://encrypted-tbn0.gstatic.com/images?q\u003dtbn:ANd9GcRyLI-o5TKMr3CMpNYQbStPtrXecilh6rG4Mg\u0026s
https://encrypted-tbn0.gstatic.com/images?q\u003dtbn:ANd9GcRzX6Pv3InrhBtSlPJe-39TEk4QKjmLlOhKtw\u0026s
https://encrypted-tbn0.gstatic.com/images?q\u003dtbn:ANd9GcS-BozkZKD7AXvTi0RI9PKAWJdc0C0_KJl1TQ\u0026s
https://encrypted-tbn0.gstatic.com/images?q\u003dtbn:ANd9GcS0dQB99PitVklnDaaYLBgcAjXP4L052aZlfg\u0026s
https://encrypted-tbn0.gstatic.com/images?q\u003dtbn:ANd9GcS1rucXPtrz04V4r6Msloo6OdgiOWoySYW9QA\u0026s
https://encrypted-tbn0.gstatic.com/images?q\u003dtbn:ANd9GcS2hJiiMGb7GIik1jXTWv1wl3tHfD6SALabZQ\u0026s
https://encrypted-tbn0.gstatic.com/images?q\u003dtbn:ANd9GcS3IET2NYT7fiTYcA0hRLkJe6DN3sP-fe03pw\u0026s
https://encrypted-tbn0.gstatic.com/images?q\u003dtbn:ANd9GcS41ns3VwkGcTOqIHV_B3QPvT6uhyJAVlqlDA\u0026s
https://encrypted-tbn0.gstatic.com/images?q\u003dtbn:ANd9GcS4HZDDypEO9RFPbrbFsSYAZn4BSAUrW8siNWpn7lv1kA\u0026s
https://encrypted-tbn0.gstatic.com/images?q\u003dtbn:ANd9GcS5V9mhh-2UHU1gDcp3FJQnMmiFrl2YN8hCbw\u0026s
https://encrypted-tbn0.gstatic.com/images?q\u003dtbn:ANd9GcSA81Ye-vd7PIkHvUPf7r2lGM4oSh2qX2DFaA\u0026s
https://encrypted-tbn0.gstatic.com/images?q\u003dtbn:ANd9GcSDZSBOH4I9Z40Qou_1DbBElv9oOD-orsh2guYUzNehZw\u0026s
https://encrypted-tbn0.gstatic.com/images?q\u003dtbn:ANd9GcSFvwptjOXH7e13FYqmxTBNdoCQNtZ4kcXlDGTUsFq_gA\u0026s
https://encrypted-tbn0.gstatic.com/images?q\u003dtbn:ANd9GcSGcLcDKdlZE-wVJ1VAW5z4T_CyMH59fSV1F9vXuw_QefIkc2L_f3TjpZQ\u0026s
https://encrypted-tbn0.gstatic.com/images?q\u003dtbn:ANd9GcSIBwIwHG84kMVHbhLGIFP1TN90LJoWgDTXYA\u0026s
https://encrypted-tbn0.gstatic.com/images?q\u003dtbn:ANd9GcSO7kqoFaeaMfgjLwXbeoLUnM94z_D7a3WU1GB2Z89UbA\u0026s
https://encrypted-tbn0.gstatic.com/images?q\u003dtbn:ANd9GcSOcod93Dktx3clyuieJiUH9RKSGtOg3cyr7QpKuE9ODg\u0026s
https://encrypted-tbn0.gstatic.com/images?q\u003dtbn:ANd9GcSSfKvrrTCpPxzFZb2kiABZwCR8VazkWwY47Q\u0026s
https://encrypted-tbn0.gstatic.com/images?q\u003dtbn:ANd9GcSSgCunwD8zt-S_bpmPK-wptZgTac2pjWLLa3R32ungnQ\u0026s
https://encrypted-tbn0.gstatic.com/images?q\u003dtbn:ANd9GcSSjCdWNulXLMW-clL3ESUqn4CE5k03p8Nehrz3RNfCwA\u0026s
https://encrypted-tbn0.gstatic.com/images?q\u003dtbn:ANd9GcSSkd4OSqsyFVEhoHO7qJBpDV4Win927QsbhQ\u0026s
https://encrypted-tbn0.gstatic.com/images?q\u003dtbn:ANd9GcST9TjFKd4-VAn0u4r8WSJU_9VX1z7vrJ2bJ59iWT1fsA\u0026s
https://encrypted-tbn0.gstatic.com/images?q\u003dtbn:ANd9GcSWAF8BT6b0WlyBCPZp_PTL2KkBuPyjFEAcxopzlYV0RA\u0026s
https://encrypted-tbn0.gstatic.com/images?q\u003dtbn:ANd9GcSWYm96w7IHsmZoWSf8gkjFY6oH25aR1L01cA\u0026s
https://encrypted-tbn0.gstatic.com/images?q\u003dtbn:ANd9GcSWwNZMl7s8JPL46GdjZDswbisB_KhF_y0EfR0e72Q1CQ\u0026s
https://encrypted-tbn0.gstatic.com/images?q\u003dtbn:ANd9GcSXV8r4Jbw05x-VUQWtSm18umJL1kgiE2DJLN9rXnlv1Q\u0026s
https://encrypted-tbn0.gstatic.com/images?q\u003dtbn:ANd9GcSXeL6PchzqRAHLDC-Njzf6gmgxnV876WTdHQ\u0026s
https://encrypted-tbn0.gstatic.com/images?q\u003dtbn:ANd9GcSXy6EdcXZz0Hd86izx576pH76J59MGEfY7kg\u0026s
https://encrypted-tbn0.gstatic.com/images?q\u003dtbn:ANd9GcSZ8e6Km5sXcgYGR859ipgHPvGFWfD90icinJ2D7bAlzg\u0026s
https://encrypted-tbn0.gstatic.com/images?q\u003dtbn:ANd9GcS_Ge6GWyMxUBKl1KmIkdodxdLgwkKiE1U7AA\u0026s
https://encrypted-tbn0.gstatic.com/images?q\u003dtbn:ANd9GcS_cvKsxUbY0NuJJ8iXc45DGhCFWuUTppQjdOeF8mJFLQ\u0026s
https://encrypted-tbn0.gstatic.com/images?q\u003dtbn:ANd9GcS_o8_wC9ajX3IT3M2uzZu3FGUnaShF6UV9JQ\u0026s
https://encrypted-tbn0.gstatic.com/images?q\u003dtbn:ANd9GcSaL-W_ZF5IVJD4rL1H19LzG9AI_Qe75iaAEjmasI2dcQ\u0026s
https://encrypted-tbn0.gstatic.com/images?q\u003dtbn:ANd9GcSaYSkNXg9tIxYRU2IjXp6trIzlZjgDfPlzTA\u0026s
https://encrypted-tbn0.gstatic.com/images?q\u003dtbn:ANd9GcSabFxqJqYkmTXMh4mcprqvtSC9dnKN44ptd7R75mA-nQ\u0026s
https://encrypted-tbn0.gstatic.com/images?q\u003dtbn:ANd9GcSbtRNTtlZoIcxkELGdcmIOjsIhyY4yrhDeMoezrOtAFA\u0026s
https://encrypted-tbn0.gstatic.com/images?q\u003dtbn:ANd9GcScouvytnddmYb4iJ7SuXGeM3w8EGxYbinQgg\u0026s
https://encrypted-tbn0.gstatic.com/images?q\u003dtbn:ANd9GcSd01OOjDzCaorn53s-dSuVAjCNKuRWkF5nAQ\u0026s
https://encrypted-tbn0.gstatic.com/images?q\u003dtbn:ANd9GcSg2BqP3VB-lZ76eleewennBuxAHJOZtEFlkA\u0026s
https://encrypted-tbn0.gstatic.com/images?q\u003dtbn:ANd9GcSiTspYNdLh22sgcNw0jLXUOIDVi4NW8GpH7csyS7Ie-A\u0026s
https://encrypted-tbn0.gstatic.com/images?q\u003dtbn:ANd9GcSmHA-cMT4frh-Wr8_uCieC6cNyLjwTydv2qAHhNBnjiA\u0026s
https://encrypted-tbn0.gstatic.com/images?q\u003dtbn:ANd9GcSnJDzv81tbzm8m9bicCBfUC9QCXIghUlkS0Q\u0026s
https://encrypted-tbn0.gstatic.com/images?q\u003dtbn:ANd9GcSnUDNUZYAbsVI-MQ-w2ESIt5JQihNo01xTeQ\u0026s
https://encrypted-tbn0.gstatic.com/images?q\u003dtbn:ANd9GcSqg4jVWBPNWjssVdLeoyuNkkQeIFnDBwE3Sg\u0026s
https://encrypted-tbn0.gstatic.com/images?q\u003dtbn:ANd9GcSqzNfhJOaAd2aQF_cGzjT80__cDicHZDpRmAfRs9emZw\u0026s
https://encrypted-tbn0.gstatic.com/images?q\u003dtbn:ANd9GcSsrGx1RpGJguxvxQdCtLtMjWI7Kx7kFJygXA\u0026s
https://encrypted-tbn0.gstatic.com/images?q\u003dtbn:ANd9GcStOFjL2l2Zsk_jclUuUVxPJZHMlw41ssQnIq-82pT1qw\u0026s
https://encrypted-tbn0.gstatic.com/images?q\u003dtbn:ANd9GcStr1c-B4WeAqu2ig7ycmkVNkPXuKynW356ofS7pYtoLA\u0026s
https://encrypted-tbn0.gstatic.com/images?q\u003dtbn:ANd9GcSv9Sq0UpKVfjhRllxjCVCZ3u-fIC_s7_ZKXn_3Moa8BFmu97QGRZ_tfEw\u0026s
https://encrypted-tbn0.gstatic.com/images?q\u003dtbn:ANd9GcSzOm-J7i3HGmc7FcMkpIsAJQczXbCQLaEwkxkib5Qyng\u0026s
https://encrypted-tbn0.gstatic.com/images?q\u003dtbn:ANd9GcT0Pl64Gik5OFDjjwmFcw151M-kE0YZ7LBDLA\u0026s
https://encrypted-tbn0.gstatic.com/images?q\u003dtbn:ANd9GcT0RvMUhHoDYy0mrzBasJeBTcf4jepmuGdkVg\u0026s
https://encrypted-tbn0.gstatic.com/images?q\u003dtbn:ANd9GcT1XEKnlUw4FXOh9khvKPXZa01v_SmmRZwfwFDQT7CU1Q\u0026s
https://encrypted-tbn0.gstatic.com/images?q\u003dtbn:ANd9GcT2lC5x65xBkTz8MfQlRWCZ7JYbxd8yKxPLCA\u0026s
https://encrypted-tbn0.gstatic.com/images?q\u003dtbn:ANd9GcT3MdxLeqCc56-eEkRwK-JSsmgOrK7I6gSqw-NBmOcCpw\u0026s
https://encrypted-tbn0.gstatic.com/images?q\u003dtbn:ANd9GcT3jbbuBJhFnmjEpXJAz7dJPkJzvQJXaNe-rA\u0026s
https://encrypted-tbn0.gstatic.com/images?q\u003dtbn:ANd9GcT57j_yoV4yjO9FCMmVjsWuK6P0mQQqnqGVig\u0026s
https://encrypted-tbn0.gstatic.com/images?q\u003dtbn:ANd9GcT6hK02QpA3uZrM4hMUil_8CKk1XV5P7H6FDg\u0026s
https://encrypted-tbn0.gstatic.com/images?q\u003dtbn:ANd9GcT7TgF0pCEqAibxm_pMKlZanxacRemF9_oAyw\u0026s
https://encrypted-tbn0.gstatic.com/images?q\u003dtbn:ANd9GcT8DeQFp78avKA2BdVHgfRqtty6y0JB1xY0k6sburaLXg\u0026s
https://encrypted-tbn0.gstatic.com/images?q\u003dtbn:ANd9GcT9EgyFWgiC_nz9Lh0deMG9is9d620Y2yIhVw\u0026s
https://encrypted-tbn0.gstatic.com/images?q\u003dtbn:ANd9GcTBUSIwy7SmycH6lHCZGmm3xpAmYxQmscN1Ig\u0026s
https://encrypted-tbn0.gstatic.com/images?q\u003dtbn:ANd9GcTFp2Qou-pApX7AX76KjjSJ9wbCuIUw3sQ1Ug\u0026s
https://encrypted-tbn0.gstatic.com/images?q\u003dtbn:ANd9GcTGZcnVltX4W8dvnLzhlkc0QIpULR_Dol9DXA\u0026s
https://encrypted-tbn0.gstatic.com/images?q\u003dtbn:ANd9GcTHDWbKFd90cDo6RLoaY1JHzKJtdJ4aXXgjd1gwO7IAJw\u0026s
https://encrypted-tbn0.gstatic.com/images?q\u003dtbn:ANd9GcTHYnPyCz-an2lYTnEGEz_BDkaFbJRc2OPBfw\u0026s
https://encrypted-tbn0.gstatic.com/images?q\u003dtbn:ANd9GcTNrNEWyQIrZgyS2M7vBnDFErWsuxOq9zY_uA\u0026s
https://encrypted-tbn0.gstatic.com/images?q\u003dtbn:ANd9GcTPco8KoSFGzCVbcVbkRUDGVikE_La6ZFeBBWA0KbOymA\u0026s
https://encrypted-tbn0.gstatic.com/images?q\u003dtbn:ANd9GcTRbrRzLmayGi944DaOBYp6NmPi4XF1Io4V_Q\u0026s
https://encrypted-tbn0.gstatic.com/images?q\u003dtbn:ANd9GcTSBwv2m9A9VIB3-YFxOUqNv0BZ2uQsd6CN9w\u0026s
https://encrypted-tbn0.gstatic.com/images?q\u003dtbn:ANd9GcTSjgItvFsnXpGcQBjX_cRAOLw56Z1aEi8TXw\u0026s
https://encrypted-tbn0.gstatic.com/images?q\u003dtbn:ANd9GcTV2IAA75R2ia6IAwurQkTRjd9_Q-b96fWhjw\u0026s
https://encrypted-tbn0.gstatic.com/images?q\u003dtbn:ANd9GcTVxcllE3NYpd9Avt0xIMgidRiDgMtMbRF8-cPiB6Q5ZA\u0026s
https://encrypted-tbn0.gstatic.com/images?q\u003dtbn:ANd9GcTWI2S_QcProuNuzXTvwo98EW3Nu0XVr0gd4w\u0026s
https://encrypted-tbn0.gstatic.com/images?q\u003dtbn:ANd9GcTWpGVr-jUgv08-ZHSzmZsr_BXKGiPP4Xx58Qvgh-6rvw\u0026s
https://encrypted-tbn0.gstatic.com/images?q\u003dtbn:ANd9GcT_FqOX58AKasQsN0XqODfZG7y8RHt8ZybpHQ\u0026s
https://encrypted-tbn0.gstatic.com/images?q\u003dtbn:ANd9GcT_llqlGv6hJHC5D2JYU45e7z8hiEAOy8TOVFHJA4GVQQ\u0026s
https://encrypted-tbn0.gstatic.com/images?q\u003dtbn:ANd9GcTaFb4QZ-hhM1yf46gEo0-jw1D12Vrd9tky_Q\u0026s
https://encrypted-tbn0.gstatic.com/images?q\u003dtbn:ANd9GcTdiEODH70o-KBbHaEh6iZnu_oBpsqRwFPOuA\u0026s
https://encrypted-tbn0.gstatic.com/images?q\u003dtbn:ANd9GcTfxoTZSXAf6O7wNz6D_EZW8NCF5TJTD_nl1w\u0026s
https://encrypted-tbn0.gstatic.com/images?q\u003dtbn:ANd9GcTi7q17UCQgd91ob7mv1Ip91fx1Ox8lwAB8iQ\u0026s
https://encrypted-tbn0.gstatic.com/images?q\u003dtbn:ANd9GcTkcZs67eexktI7Z_75_ug4RLLIBBi0-kCA7Q\u0026s
https://encrypted-tbn0.gstatic.com/images?q\u003dtbn:ANd9GcTnO9-n-GrDWnhJZ-A4ctCeyrAy9PXuCW3G6BTzBl5F7g\u0026s
https://encrypted-tbn0.gstatic.com/images?q\u003dtbn:ANd9GcTofd_7q-_ngDOp_ejWvvo3rUpI5OmUqjiG_Q\u0026s
https://encrypted-tbn0.gstatic.com/images?q\u003dtbn:ANd9GcTphaUOM80CjTefWJlUseSjuvCkcusnDBwOwQ\u0026s
https://encrypted-tbn0.gstatic.com/images?q\u003dtbn:ANd9GcTpuRJcFVPoN7Ro5xgBsrp696TVN2wzQ4j_iA\u0026s
https://encrypted-tbn0.gstatic.com/images?q\u003dtbn:ANd9GcTt55wbgDfLQa2XaGoAYb-QEL04ZShk68tJ3Q\u0026s
https://encrypted-tbn0.gstatic.com/images?q\u003dtbn:ANd9GcTt740AsS7lBcdPyGg8vP7wgKkIcnnBpTfIcw2WAYUekg\u0026s
https://encrypted-tbn0.gstatic.com/images?q\u003dtbn:ANd9GcTu54H-QM3ThPkcp3QfNAd5IKH8YkjwjBSFXg6cr4Df_w\u0026s
https://encrypted-tbn0.gstatic.com/images?q\u003dtbn:ANd9GcTvfr5_Sl0fNgI8rjNbn0tVI8TnqZBRkZLWJA\u0026s
https://encrypted-tbn0.gstatic.com/images?q\u003dtbn:ANd9GcTx41XbgcVjDOAhyNmhYyJtQFeW5SpGVxwBnw\u0026s
https://genius.com/Che-miley-cyrus-lyrics
https://genius.com/Che-miley-cyrus-lyrics&amp;ved=2ahUKEwiemYbL8smKAxV6wvACHfYHNAgQr4kDegUIjQEQAA
https://i.ytimg.com/vi/-Rzyk85j79Q/hq720.jpg?sqp\u003d-oaymwEhCK4FEIIDSFryq4qpAxMIARUAAAAAGAElAADIQj0AgKJD\u0026rs\u003dAOn4CLAxDhIZDPNjhWDcFlr-1KriohmVNw
https://i.ytimg.com/vi/-UItRF4he7E/oardefault.jpg?sqp\u003d-oaymwEYCJUDENAFSFqQAgHyq4qpAwcIARUAAIhC\u0026rs\u003dAOn4CLDQG-x3qPRZ66LZt3q0DKHmk_7O4A
https://i.ytimg.com/vi/1ZNIgNB7xO0/hq720.jpg?sqp\u003d-oaymwEYCJUDENAFSFryq4qpAwoIARUAAIhC0AEB\u0026rs\u003dAOn4CLCRigQUkd8x8gYoYaNavHstM8LZ9Q
https://i.ytimg.com/vi/2YjsQVqGw5I/hq720.jpg?sqp\u003d-oaymwEhCK4FEIIDSFryq4qpAxMIARUAAAAAGAElAADIQj0AgKJD\u0026rs\u003dAOn4CLD5h94C_ex-L4-v3ppLjyW3iOc8Lw
https://i.ytimg.com/vi/3W8bPUIQmic/oar2.jpg?sqp\u003d-oaymwEYCJUDENAFSFqQAgHyq4qpAwcIARUAAIhC\u0026rs\u003dAOn4CLARoWaDubUiatVROSZn1NNHf8OhKg
https://i.ytimg.com/vi/4vCyeQaty1E/hq720.jpg?sqp\u003d-oaymwEYCJUDENAFSFryq4qpAwoIARUAAIhC0AEB\u0026rs\u003dAOn4CLBdvCNJ4s2snFT9NFTa9mNCovg4zg
https://i.ytimg.com/vi/5QJQ3h7hx6Q/oar2.jpg?sqp\u003d-oaymwEYCJUDENAFSFqQAgHyq4qpAwcIARUAAIhC\u0026rs\u003dAOn4CLAnHk9Zys3CqD1Nqa6HsMfqb87CgA
https://i.ytimg.com/vi/6HiLSyUVjS0/oardefault.jpg?sqp\u003d-oaymwEYCJUDENAFSFqQAgHyq4qpAwcIARUAAIhC\u0026rs\u003dAOn4CLB7j9T1IvclgVePd2Xh-uY9SiU7-w
https://i.ytimg.com/vi/8HC7e5Ao3jM/oar2.jpg?sqp\u003d-oaymwEYCJUDENAFSFqQAgHyq4qpAwcIARUAAIhC\u0026rs\u003dAOn4CLADod5lkIqryzq-zkJ6DDDvOQxSQQ
https://i.ytimg.com/vi/8xnA67Xr58M/oardefault.jpg?sqp\u003d-oaymwEYCJUDENAFSFqQAgHyq4qpAwcIARUAAIhC\u0026rs\u003dAOn4CLA7oW8LNIgjngAEV8YKS75Z65w9OQ
https://i.ytimg.com/vi/BTF7cyXpTY8/oar2.jpg?sqp\u003d-oaymwEYCJUDENAFSFqQAgHyq4qpAwcIARUAAIhC\u0026rs\u003dAOn4CLCgzfXSXzTtEnN7npehtrVzkciV0w
https://i.ytimg.com/vi/BVpEYqx9ZZk/hq720.jpg?sqp\u003d-oaymwEYCJUDENAFSFryq4qpAwoIARUAAIhC0AEB\u0026rs\u003dAOn4CLALtCtAwbCN_GDZ8CIzAyD3_kjxZA
https://i.ytimg.com/vi/DERG2YlpM94/hq720.jpg?sqp\u003d-oaymwEhCK4FEIIDSFryq4qpAxMIARUAAAAAGAElAADIQj0AgKJD\u0026rs\u003dAOn4CLDoH9ej3GT32kO7rZX6Ka68jutLIQ
https://i.ytimg.com/vi/FhbOhVhZ1Co/hq720_2.jpg?sqp\u003d-oaymwEYCJUDENAFSFryq4qpAwoIARUAAIhC0AEB\u0026rs\u003dAOn4CLBJxLHopKC1KYkpEOCNWem3Ph1zCg
https://i.ytimg.com/vi/G_Ln9aaplkI/hq720_2.jpg?sqp\u003d-oaymwEYCJYDENAFSFryq4qpAwoIARUAAIhC0AEB\u0026rs\u003dAOn4CLCdNFFDkEcwOM5zxMf9qZXXEGBv4g
https://i.ytimg.com/vi/HQArDwwTnk4/hq720.jpg?sqp\u003d-oaymwEhCK4FEIIDSFryq4qpAxMIARUAAAAAGAElAADIQj0AgKJD\u0026rs\u003dAOn4CLA0s9lkZySdY0zJQ8JII8JjDskXdg
https://i.ytimg.com/vi/HnT5V2cSuBQ/oardefault.jpg?sqp\u003d-oaymwEYCJUDENAFSFqQAgHyq4qpAwcIARUAAIhC\u0026rs\u003dAOn4CLBUPZqaYNU-mGTjhIXrlFFraUC3JA
https://i.ytimg.com/vi/IRlzhTpqTos/hq720.jpg?sqp\u003d-oaymwEhCK4FEIIDSFryq4qpAxMIARUAAAAAGAElAADIQj0AgKJD\u0026rs\u003dAOn4CLCVAPunD2bmbyrkx5_8mm0d97oOTg
https://i.ytimg.com/vi/J2KP9y5v4mo/hq720_2.jpg?sqp\u003d-oaymwEYCI4CEOADSFryq4qpAwoIARUAAIhC0AEB\u0026rs\u003dAOn4CLDuF5p7oQQqdTz8s1eN8agXYrXENw
https://i.ytimg.com/vi/JGO6MZhOMh0/hq720.jpg?sqp\u003d-oaymwEhCK4FEIIDSFryq4qpAxMIARUAAAAAGAElAADIQj0AgKJD\u0026rs\u003dAOn4CLAnxRZkMi4rAQYD8M52V3uKF-8ReA
https://i.ytimg.com/vi/JN0ozJ8mZIM/hq720.jpg?sqp\u003d-oaymwEYCJUDENAFSFryq4qpAwoIARUAAIhC0AEB\u0026rs\u003dAOn4CLA2txTrgkDHoMHyljXE6HAUvvY_JA
https://i.ytimg.com/vi/K-wbeKesfY0/hq720_2.jpg?sqp\u003d-oaymwEYCJYDENAFSFryq4qpAwoIARUAAIhC0AEB\u0026rs\u003dAOn4CLC6z3xRVBWH6e4IwlWFJFSVYzlJtg
https://i.ytimg.com/vi/Lbk0MSlUsZg/oar2.jpg?sqp\u003d-oaymwEYCJUDENAFSFqQAgHyq4qpAwcIARUAAIhC\u0026rs\u003dAOn4CLBnI6GMIqnVmXluSOjxn32LpTTleQ
https://i.ytimg.com/vi/MXCHqAEgnN4/hq720.jpg?sqp\u003d-oaymwEhCK4FEIIDSFryq4qpAxMIARUAAAAAGAElAADIQj0AgKJD\u0026rs\u003dAOn4CLB4LQrCtJc5roSefnZw7ozjoYXnIg
https://i.ytimg.com/vi/NmAYJyd6ODU/oar2.jpg?sqp\u003d-oaymwEYCJUDENAFSFqQAgHyq4qpAwcIARUAAIhC\u0026rs\u003dAOn4CLCLEi_mr9Ls7u9vMyM2JwsFD1oVXw
https://i.ytimg.com/vi/Nsib0XmzzFo/hq720.jpg?sqp\u003d-oaymwEhCK4FEIIDSFryq4qpAxMIARUAAAAAGAElAADIQj0AgKJD\u0026rs\u003dAOn4CLBZ_6_TSUZnTXGSbDn81JMizBxi3w
https://i.ytimg.com/vi/OEjjuyGfkO4/oar2.jpg?sqp\u003d-oaymwEYCJUDENAFSFqQAgHyq4qpAwcIARUAAIhC\u0026rs\u003dAOn4CLAc4wyQOLEVESd9pYXKR8mpoYkPrQ
https://i.ytimg.com/vi/P39mpuQ8sQA/oar2.jpg?sqp\u003d-oaymwEYCJUDENAFSFqQAgHyq4qpAwcIARUAAIhC\u0026rs\u003dAOn4CLBUOBwU95495ea906-X7tf8CbtkTg
https://i.ytimg.com/vi/R8sxEFE_lKo/oar2.jpg?sqp\u003d-oaymwEYCJUDENAFSFqQAgHyq4qpAwcIARUAAIhC\u0026rs\u003dAOn4CLAa_s_4HpX-crWcEXALFD03KToQuA
https://i.ytimg.com/vi/RrpQqKOU2GY/oar2.jpg?sqp\u003d-oaymwEYCJUDENAFSFqQAgHyq4qpAwcIARUAAIhC\u0026rs\u003dAOn4CLBElZxMqpaaMIJi6ICzeWNCVXKXEA
https://i.ytimg.com/vi/U67ew3xuxdU/oar2.jpg?sqp\u003d-oaymwEYCJUDENAFSFqQAgHyq4qpAwcIARUAAIhC\u0026rs\u003dAOn4CLDY3zvfE0HAM1cCT6ONAXqXXIXJWg
https://i.ytimg.com/vi/Up4k8sDIGS8/hq720.jpg?sqp\u003d-oaymwEYCJUDENAFSFryq4qpAwoIARUAAIhC0AEB\u0026rs\u003dAOn4CLD0fWvNqztZ6f1n7Q_X4iRDDTKzqg
https://i.ytimg.com/vi/VDcrA3_GbPY/hq720.jpg?sqp\u003d-oaymwEhCK4FEIIDSFryq4qpAxMIARUAAAAAGAElAADIQj0AgKJD\u0026rs\u003dAOn4CLAq-sGK04v_LpKfps3CDdiroQuqoQ
https://i.ytimg.com/vi/XFcTj95wyg4/oar2.jpg?sqp\u003d-oaymwEYCJUDENAFSFqQAgHyq4qpAwcIARUAAIhC\u0026rs\u003dAOn4CLC14ggRt1_gRa1Y2n-H-d6gD_wHCA
https://i.ytimg.com/vi/XVEJv2PQSB8/oardefault.jpg?sqp\u003d-oaymwEYCJUDENAFSFqQAgHyq4qpAwcIARUAAIhC\u0026rs\u003dAOn4CLBkA7_ywyoOtuXEYlo6XXOzXlesZQ
https://i.ytimg.com/vi/YhsFXQXi5m0/oardefault.jpg?sqp\u003d-oaymwEYCJUDENAFSFqQAgHyq4qpAwcIARUAAIhC\u0026rs\u003dAOn4CLDWgci9xs1_AewtZ-YMpPTX7JeNpg
https://i.ytimg.com/vi/ZSfheqC6q9g/oar2.jpg?sqp\u003d-oaymwEYCJUDENAFSFqQAgHyq4qpAwcIARUAAIhC\u0026rs\u003dAOn4CLC_bmAfBV3DLR5y5tgiBh4O_qHHVw
https://i.ytimg.com/vi/ZkTBigPXyPA/hq720_2.jpg?sqp\u003d-oaymwEYCJYDENAFSFryq4qpAwoIARUAAIhC0AEB\u0026rs\u003dAOn4CLDxu0tr9TPNpliPXQGE4BNXUigvPg
https://i.ytimg.com/vi/bXvfgtZPi6A/oar2_auto_695888718.jpg?sqp\u003d-oaymwEYCJUDENAFSFqQAgHyq4qpAwcIARUAAIhC\u0026rs\u003dAOn4CLBBxA16iMPxf05Ik6BfQHmGvIBg0A
https://i.ytimg.com/vi/dSNcnAQlGAY/oar2.jpg?sqp\u003d-oaymwEYCJUDENAFSFqQAgHyq4qpAwcIARUAAIhC\u0026rs\u003dAOn4CLBry8VYmV_Uyosr2apRyACSFZV2Tg
https://i.ytimg.com/vi/duOwJXwNma8/oar2.jpg
https://i.ytimg.com/vi/fH7ho4hk-LI/oar2.jpg?sqp\u003d-oaymwEYCJUDENAFSFqQAgHyq4qpAwcIARUAAIhC\u0026rs\u003dAOn4CLABfl8T7AsKjpAjhFtxohXkmUhnfg
https://i.ytimg.com/vi/fe-hxbILs5s/oardefault.jpg?sqp\u003d-oaymwEYCJUDENAFSFqQAgHyq4qpAwcIARUAAIhC\u0026rs\u003dAOn4CLCRvEtvsQ5a3NfCndE5JiMn4Zn2aQ
https://i.ytimg.com/vi/feUP-oZ096I/oar2.jpg?sqp\u003d-oaymwEYCJUDENAFSFqQAgHyq4qpAwcIARUAAIhC\u0026rs\u003dAOn4CLCwN0nobLvSPJofOWZbeGKUtPd1ow
https://i.ytimg.com/vi/fsuotHqsdJY/hq720.jpg?sqp\u003d-oaymwEhCK4FEIIDSFryq4qpAxMIARUAAAAAGAElAADIQj0AgKJD\u0026rs\u003dAOn4CLDWL7cS9TrT6Kotb8r1GfwReL-EDg
https://i.ytimg.com/vi/fsuotHqsdJY/maxresdefault.jpg
https://i.ytimg.com/vi/gaYY-0JmkMQ/hq720.jpg?sqp\u003d-oaymwEYCJUDENAFSFryq4qpAwoIARUAAIhC0AEB\u0026rs\u003dAOn4CLDHJ4GLzczn2DGcOsAe4UnsL0ejLw
https://i.ytimg.com/vi/is6BQrPe0e4/maxresdefault.jpg
https://i.ytimg.com/vi/jjThZu1Oze0/oar2.jpg?sqp\u003d-oaymwEYCJUDENAFSFqQAgHyq4qpAwcIARUAAIhC\u0026rs\u003dAOn4CLAiLi0EfBKZoA4qtlug0Eob_wA33w
https://i.ytimg.com/vi/kxOBPQLCwqs/oar2.jpg?sqp\u003d-oaymwEYCJUDENAFSFqQAgHyq4qpAwcIARUAAIhC\u0026rs\u003dAOn4CLDyzTu1c9FoadyUx-a5xiDCwomq_w
https://i.ytimg.com/vi/nnyp3MIw3PU/sddefault.jpg
https://i.ytimg.com/vi/o5cRtHr_8Sc/hq720.jpg?sqp\u003d-oaymwEhCK4FEIIDSFryq4qpAxMIARUAAAAAGAElAADIQj0AgKJD\u0026rs\u003dAOn4CLAbRHqDlamvi7ofrRs5iT-gJqvO4Q
https://i.ytimg.com/vi/ofBD5BLaBMQ/oardefault.jpg?sqp\u003d-oaymwEYCJUDENAFSFqQAgHyq4qpAwcIARUAAIhC\u0026rs\u003dAOn4CLAst6MP1q9l0TIH0owVepawjAUmrw
https://i.ytimg.com/vi/p4ooy2328gw/oar2.jpg?sqp\u003d-oaymwEYCJUDENAFSFqQAgHyq4qpAwcIARUAAIhC\u0026rs\u003dAOn4CLBotyEKx0z8YJgzB5nb6iMLQIWwNg
https://i.ytimg.com/vi/pCX1iqw8vmc/oar2.jpg?sqp\u003d-oaymwEYCJUDENAFSFqQAgHyq4qpAwcIARUAAIhC\u0026rs\u003dAOn4CLCTCfEnNk0yIcPFbHALgdvxYSTbNQ
https://i.ytimg.com/vi/pYVw9svMfMA/oar2.jpg?sqp\u003d-oaymwEYCJUDENAFSFqQAgHyq4qpAwcIARUAAIhC\u0026rs\u003dAOn4CLCEezArl1Cryqfd3C-roQXzTbBXbw
https://i.ytimg.com/vi/thqMBUfNaHk/oar2.jpg?sqp\u003d-oaymwEYCLIDENAFSFqQAgHyq4qpAwcIARUAAIhC\u0026rs\u003dAOn4CLDMpVPStCi2b8jMIf0Dy3fNYqluyg
https://i.ytimg.com/vi/uIaHcWz4GmE/hq720.jpg?sqp\u003d-oaymwEhCK4FEIIDSFryq4qpAxMIARUAAAAAGAElAADIQj0AgKJD\u0026rs\u003dAOn4CLCNFYTIJh88dh_kPlakRsPZCT3pZg
https://i.ytimg.com/vi/v0dPtKwV26g/oar2.jpg?sqp\u003d-oaymwEYCJUDENAFSFqQAgHyq4qpAwcIARUAAIhC\u0026rs\u003dAOn4CLDSNda1yS_ojOOArhNL2mawA1t-1w
https://i.ytimg.com/vi/wj8dLVL1jPM/oar2.jpg?sqp\u003d-oaymwEYCJUDENAFSFqQAgHyq4qpAwcIARUAAIhC\u0026rs\u003dAOn4CLBphiGiaS-ye0BooVb-fY7JIpXeHQ
https://i.ytimg.com/vi/xOZD6pwA7tM/hq720_2.jpg?sqp\u003d-oaymwE7CK4FEIIDSFryq4qpAy0IARUAAAAAGAAlAADIQj0AgKJD8AEB-AG2CIACgA-KAgwIABABGEogUihlMA8\u003d\u0026rs\u003dAOn4CLDNXH1A2JwDXDDSRimKL_aMpoOxow
https://i.ytimg.com/vi/xOZD6pwA7tM/mqdefault.jpg
https://i.ytimg.com/vi/yG0K4nPz0IE/maxresdefault.jpg
https://images.genius.com/8218674d4f64abc971e7899e0f9d0bb2.667x1000x1.jpg
https://m.youtube.com/watch%3Fv%3D1wH68ArJQh8%26pp%3DygUOI2ppZ2dhbGV0bWVzZWU%253D&amp;ved=2ahUKEwiemYbL8smKAxV6wvACHfYHNAgQr4kDegUIqwEQAA
https://m.youtube.com/watch%3Fv%3D2JMyYJ3T_pg%26pp%3DygUMI3dlbm90cHVzc3lz&amp;ved=2ahUKEwiemYbL8smKAxV6wvACHfYHNAgQr4kDegQIWhAA
https://m.youtube.com/watch%3Fv%3D9i55vt9yrmQ&amp;ved=2ahUKEwiemYbL8smKAxV6wvACHfYHNAgQr4kDegQIHhAA
https://m.youtube.com/watch%3Fv%3DHmX52n9dZS0%26pp%3DygUTI3R5Z2FyYWNrY2l0eWx5cmljcw%253D%253D&amp;ved=2ahUKEwiemYbL8smKAxV6wvACHfYHNAgQr4kDegUI4wEQAA
https://m.youtube.com/watch%3Fv%3DJXmP1p3t9GE%26pp%3DygULI2xpbGd1cnZhZGU%253D&amp;ved=2ahUKEwiemYbL8smKAxV6wvACHfYHNAgQr4kDegQIGBAA
https://m.youtube.com/watch%3Fv%3DLSQAeOXx3k4%26pp%3DygUGIzJkZTIy&amp;ved=2ahUKEwiemYbL8smKAxV6wvACHfYHNAgQr4kDegUIwwMQAA
https://m.youtube.com/watch%3Fv%3DUchEK9O1dos%26pp%3DygUII3NvbG95w7M%253D&amp;ved=2ahUKEwiemYbL8smKAxV6wvACHfYHNAgQr4kDegQIFhAA
https://m.youtube.com/watch%3Fv%3DYiwMRmlDTCE%26t%3D0s&amp;ved=2ahUKEwiemYbL8smKAxV6wvACHfYHNAgQr4kDegUIhwIQAA
https://m.youtube.com/watch%3Fv%3DhkbbixDEtNE%26pp%3DygUUI215YWdkaWtob2xhYmFnaWFheW8%253D&amp;ved=2ahUKEwiemYbL8smKAxV6wvACHfYHNAgQr4kDegQIFxAA
https://m.youtube.com/watch%3Fv%3DqfZQFmIAIBc%26pp%3DygULI3doYXTEsXTEsXM%253D&amp;ved=2ahUKEwiemYbL8smKAxV6wvACHfYHNAgQr4kDegQIWRAA
https://m.youtube.com/watch%3Fv%3DvvQ-0lEaMVQ%26pp%3DygUPI2hlbG1ib2dvdGlrdG9r&amp;ved=2ahUKEwiemYbL8smKAxV6wvACHfYHNAgQr4kDegQIVxAA
https://m.youtube.com/watch?v=1wH68ArJQh8&amp;pp=ygUOI2ppZ2dhbGV0bWVzZWU%3D
https://m.youtube.com/watch?v=2JMyYJ3T_pg&amp;pp=ygUMI3dlbm90cHVzc3lz
https://m.youtube.com/watch?v=9i55vt9yrmQ
https://m.youtube.com/watch?v=HmX52n9dZS0&amp;pp=ygUTI3R5Z2FyYWNrY2l0eWx5cmljcw%3D%3D
https://m.youtube.com/watch?v=JXmP1p3t9GE&amp;pp=ygULI2xpbGd1cnZhZGU%3D
https://m.youtube.com/watch?v=LSQAeOXx3k4&amp;pp=ygUGIzJkZTIy
https://m.youtube.com/watch?v=UchEK9O1dos&amp;pp=ygUII3NvbG95w7M%3D
https://m.youtube.com/watch?v=YiwMRmlDTCE&amp;t=0s
https://m.youtube.com/watch?v=hkbbixDEtNE&amp;pp=ygUUI215YWdkaWtob2xhYmFnaWFheW8%3D
https://m.youtube.com/watch?v=qfZQFmIAIBc&amp;pp=ygULI3doYXTEsXTEsXM%3D
https://m.youtube.com/watch?v=vvQ-0lEaMVQ&amp;pp=ygUPI2hlbG1ib2dvdGlrdG9r
https://m.youtube.com/watch?v\u003d1wH68ArJQh8\u0026pp\u003dygUOI2ppZ2dhbGV0bWVzZWU%3D
https://m.youtube.com/watch?v\u003d2JMyYJ3T_pg\u0026pp\u003dygUMI3dlbm90cHVzc3lz
https://m.youtube.com/watch?v\u003d9i55vt9yrmQ
https://m.youtube.com/watch?v\u003dHmX52n9dZS0\u0026pp\u003dygUTI3R5Z2FyYWNrY2l0eWx5cmljcw%3D%3D
https://m.youtube.com/watch?v\u003dJXmP1p3t9GE\u0026pp\u003dygULI2xpbGd1cnZhZGU%3D
https://m.youtube.com/watch?v\u003dLSQAeOXx3k4\u0026pp\u003dygUGIzJkZTIy
https://m.youtube.com/watch?v\u003dUchEK9O1dos\u0026pp\u003dygUII3NvbG95w7M%3D
https://m.youtube.com/watch?v\u003dYiwMRmlDTCE\u0026t\u003d0s
https://m.youtube.com/watch?v\u003dhkbbixDEtNE\u0026pp\u003dygUUI215YWdkaWtob2xhYmFnaWFheW8%3D
https://m.youtube.com/watch?v\u003dqfZQFmIAIBc\u0026pp\u003dygULI3doYXTEsXTEsXM%3D
https://m.youtube.com/watch?v\u003dvvQ-0lEaMVQ\u0026pp\u003dygUPI2hlbG1ib2dvdGlrdG9r
https://maps.google.co.uk/maps%3Fsca_esv%3D83043bb16318dcfb%26hl%3Den%26biw%3D1128%26bih%3D1133%26output%3Dsearch%26q%3Dmiley%2Bcyrus%2Bparty%2Bwith%2Bsour%2Blyrics%2Bvideo%2B%40hyunja%26source%3Dlnms%26fbs%3DAEQNm0Aa4sjWe7Rqy32pFwRj0UkWd8nbOJfsBGGB5IQQO6L3J6RlmmGkJpFtPEFU1BThDhV-R6LznyemFX5TOz_3Ir7an0eFtkVt9tarjdzI0IslgxJEvM-_kP4AJeOwjbZ6ebwQEIfX10c9Ibh2OY6pTGonyzFYoz84_1TPkICb4rlrbu-e61ykFKQnhkVn677q0eWt-itowfdbsRX21m0lk3PfSH0peQ%26entry%3Dmc%26ved%3D1t:200715%26ictx%3D111&amp;ved=2ahUKEwiemYbL8smKAxV6wvACHfYHNAgQi6AMegQIEBAB
https://maps.google.co.uk/maps?q\u003dmiley+cyrus+party+with+sour+lyrics+video+%40hyunja\u0026udm\u003d2\u0026hl\u003den\u0026biw\u003d1128\u0026bih\u003d1133\u0026dpr\u003d2\u0026um\u003d1\u0026ie\u003dUTF-8
https://maps.google.co.uk/maps?sca_esv=83043bb16318dcfb&amp;hl=en&amp;biw=1128&amp;bih=1133&amp;output=search&amp;q=miley+cyrus+party+with+sour+lyrics+video+@hyunja&amp;source=lnms&amp;fbs=AEQNm0Aa4sjWe7Rqy32pFwRj0UkWd8nbOJfsBGGB5IQQO6L3J6RlmmGkJpFtPEFU1BThDhV-R6LznyemFX5TOz_3Ir7an0eFtkVt9tarjdzI0IslgxJEvM-_kP4AJeOwjbZ6ebwQEIfX10c9Ibh2OY6pTGonyzFYoz84_1TPkICb4rlrbu-e61ykFKQnhkVn677q0eWt-itowfdbsRX21m0lk3PfSH0peQ&amp;entry=mc&amp;ved=1t:200715&amp;ictx=111
https://ogads-pa.googleapis.com
https://ogs.google.co.uk/widget/account/so?eom=1\u0026yac=1\u0026amb=1
https://ogs.google.co.uk/widget/callout?eom=1\u0026dc=1
https://p16-pu-sign-no.tiktokcdn-eu.com/tos-no1a-p-0037-no/owwAfoEEFLIGalWnAjCQRUAFjfNEL7EkFDGBgF~tplv-photomode-zoomcover:720:720.jpeg?lk3s\u003db59d6b55\u0026x-expires\u003d1735351200\u0026x-signature\u003djrTRqsjJjIqq%2Bxnxtz8Yu3viHAg%3D\u0026shp\u003db59d6b55\u0026shcp\u003d-
https://p19-sign.tiktokcdn-us.com/tos-useast5-p-0068-tx/oMgjSkNApIxaeZU1MHQXdWWKf6NCtA8lQLI5fD~tplv-photomode-zoomcover:720:720.jpeg?lk3s\u003db59d6b55\u0026x-expires\u003d1735354800\u0026x-signature\u003dYFJA5Sb29ac749xZL8bEfkS7bco%3D\u0026shp\u003db59d6b55\u0026shcp\u003d-
https://policies.google.com/privacy%3Fhl%3Den%26fg%3D1\x26amp;ved\x3d2ahUKEwiemYbL8smKAxV6wvACHfYHNAgQ8awCegQIBBAP\x22\x3ePrivacy\x3c/a\x3e\x3ca
https://policies.google.com/privacy?hl\x3den\x26amp;fg\x3d1\x22
https://policies.google.com/terms%3Fhl%3Den%26fg%3D1\x26amp;ved\x3d2ahUKEwiemYbL8smKAxV6wvACHfYHNAgQ8qwCegQIBBAQ\x22\x3eTerms\x3c/a\x3e\x3c/div\x3e\x3c/span\x3e\x3c/div\x3e\x3c/div\x3e\x3c/div\x3e
https://policies.google.com/terms?hl\x3den\x26amp;fg\x3d1\x22
https://search.app.goo.gl/%3Fofl%3Dhttps%253A%252F%252Flens.google%26al%3Dgoogleapp%253A%252F%252Flens%253Flens_data%253DKAw%26apn%3Dcom.google.android.googlequicksearchbox%26amv%3D301103376%26isi%3D284815942%26ius%3Dgoogleapp%26ibi%3Dcom.google.GoogleMobile%26link%3Dhttps%253A%252F%252Fgoo.gl%252Fiosgoogleapp%252Fdefault%253Furl%253Dgoogleapp%25253A%25252F%25252Flens%25253Fmin-version%25253D180%252526lens_data%25253DKAw%26ifl%3Dhttps%253A%252F%252Fapps.apple.com%252Fus%252Fapp%252Fgoogle%252Fid284815942%253Fppid%253D1ac8cc35-d99c-4a1d-b909-321c8968cc74%2526pt%253D9008%2526mt%253D8%2526ct%253D4740761-oo-lens-sb-bar-lens-cam%2526UTM_campaign%253Dgoogle_search_mweb%26efr%3D1%26ct%3D4740761-oo-lens-sb-bar-lens-cam%26utm_campaign%3D4740761-oo-lens-sb-bar-lens-cam%26utm_source%3Dgoogle_search_mweb%26utm_medium%3Downed%26pt%3D9008%26mt%3D8&amp;ved=0ahUKEwiemYbL8smKAxV6wvACHfYHNAgQhqEICA8&amp;opi=89978449
https://search.app.goo.gl/?ofl=https%3A%2F%2Flens.google&amp;al=googleapp%3A%2F%2Flens%3Flens_data%3DKAw&amp;apn=com.google.android.googlequicksearchbox&amp;amv=301103376&amp;isi=284815942&amp;ius=googleapp&amp;ibi=com.google.GoogleMobile&amp;link=https%3A%2F%2Fgoo.gl%2Fiosgoogleapp%2Fdefault%3Furl%3Dgoogleapp%253A%252F%252Flens%253Fmin-version%253D180%2526lens_data%253DKAw&amp;ifl=https%3A%2F%2Fapps.apple.com%2Fus%2Fapp%2Fgoogle%2Fid284815942%3Fppid%3D1ac8cc35-d99c-4a1d-b909-321c8968cc74%26pt%3D9008%26mt%3D8%26ct%3D4740761-oo-lens-sb-bar-lens-cam%26UTM_campaign%3Dgoogle_search_mweb&amp;efr=1&amp;ct=4740761-oo-lens-sb-bar-lens-cam&amp;utm_campaign=4740761-oo-lens-sb-bar-lens-cam&amp;utm_source=google_search_mweb&amp;utm_medium=owned&amp;pt=9008&amp;mt=8
https://ssl.gstatic.com/images/icons/material/system/1x/done_black_16dp.png)
https://ssl.gstatic.com/images/icons/material/system/1x/done_white_16dp.png)
https://ssl.gstatic.com/ui/v1/menu/checkmark2-light.png)
https://ssl.gstatic.com/ui/v1/menu/checkmark2.png)
https://support.google.com/websearch/%3Fp%3Dws_results_help%26hl%3Den%26fg%3D1\x26amp;ved\x3d2ahUKEwiemYbL8smKAxV6wvACHfYHNAgQ8KwCegQIBBAN\x22\x3eHelp\x3c/a\x3e\x3ca
https://support.google.com/websearch/?p=dsrp_search_hc\u0026hl=en
https://support.google.com/websearch/?p\x3dws_results_help\x26amp;hl\x3den\x26amp;fg\x3d1\x22
https://www.google.co.uk/advanced_image_search%3Fq%3Dmiley%2Bcyrus%2Bparty%2Bwith%2Bsour%2Blyrics%2Bvideo%2B%2540hyunja%26udm%3D2%26hl%3Den%26biw%3D1128%26bih%3D1133%26dpr%3D2%26tbs%3Drimg:CdcO49O7RZx9YVnqTsP89FWzsgIAwAIA2AIA4AIA\x26amp;ved\x3d2ahUKEwiemYbL8smKAxV6wvACHfYHNAgQ7psIegQIAhA1\x22\x3e
https://www.google.co.uk/advanced_image_search?q\u003dmiley+cyrus+party+with+sour+lyrics+video+%40hyunja\u0026udm\u003d2\u0026hl\u003den\u0026biw\u003d1128\u0026bih\u003d1133\u0026dpr\u003d2\u0026tbs\u003drimg:CdcO49O7RZx9YVnqTsP89FWzsgIAwAIA2AIA4AIA
https://www.google.co.uk/advanced_image_search?q\x3dmiley+cyrus+party+with+sour+lyrics+video+%40hyunja\x26amp;udm\x3d2\x26amp;hl\x3den\x26amp;biw\x3d1128\x26amp;bih\x3d1133\x26amp;dpr\x3d2\x26amp;tbs\x3drimg:CdcO49O7RZx9YVnqTsP89FWzsgIAwAIA2AIA4AIA\x22
https://www.google.co.uk/log?format\\u003djson\
https://www.google.co.uk/search%3Fq%3Dmiley%2Bcyrus%2Bparty%2Bwith%2Bsour%2Blyrics%2Bvideo%2B%2540hyunja%26udm%3D2%26tbs%3Drimg:CdcO49O7RZx9YVnqTsP89FWzsgIAwAIA2AIA4AIA%26hl%3Den%26sa%3DX%26ved%3D0CB4QuIIBahgKEwjAoJHO78mKAxUAAAAAHQAAAAAQqQE%26biw%3D1128%26bih%3D1133%26dpr%3D2
https://www.google.co.uk/search%3Fq%3Dmiley%2Bcyrus%2Bparty%2Bwith%2Bsour%2Blyrics%2Bvideo%2B%2540hyunja%26udm%3D2%26tbs%3Drimg:CdcO49O7RZx9YVnqTsP89FWzsgIAwAIA2AIA4AIA%26hl%3Den%26sa%3DX%26ved%3D0CB4QuIIBahgKEwjAoJHO78mKAxUAAAAAHQAAAAAQqQE%26biw%3D1128%26bih%3D1133%26dpr%3D2#languages
https://www.google.co.uk/search%3Fq%3Dmiley%2Bcyrus%2Bparty%2Bwith%2Bsour%2Blyrics%2Bvideo%2B%2540hyunja%26udm%3D2%26tbs%3Drimg:CdcO49O7RZx9YVnqTsP89FWzsgIAwAIA2AIA4AIA%26hl%3Den%26sa%3DX%26ved%3D0CB4QuIIBahgKEwjAoJHO78mKAxUAAAAAHQAAAAAQqQE%26biw%3D1128%26bih%3D1133%26dpr%3D2\u0026sig=0_WABB4R_oq9woyb5zVvEk9gQZik8=\u0026cs=2
https://www.google.co.uk/search?q%3Dmiley%2Bcyrus%2Bparty%2Bwith%2Bsour%2Blyrics%2Bvideo%2B@hyunja%26udm%3D2%26tbs%3Drimg:CdcO49O7RZx9YVnqTsP89FWzsgIAwAIA2AIA4AIA%26hl%3Den%26sa%3DX%26ved%3D0CB4QuIIBahgKEwjAoJHO78mKAxUAAAAAHQAAAAAQqQE%26biw%3D1128%26bih%3D1133%26dpr%3D2%26pccc%3D1&amp;sig=0_WABB4R_oq9woyb5zVvEk9gQZik8%3D&amp;cs=2
https://www.google.co.uk/search?q%3Dmiley%2Bcyrus%2Bparty%2Bwith%2Bsour%2Blyrics%2Bvideo%2B@hyunja%26udm%3D2%26tbs%3Drimg:CdcO49O7RZx9YVnqTsP89FWzsgIAwAIA2AIA4AIA%26hl%3Den%26sa%3DX%26ved%3D0CB4QuIIBahgKEwjAoJHO78mKAxUAAAAAHQAAAAAQqQE%26biw%3D1128%26bih%3D1133%26dpr%3D2%26pccc%3D1\x26amp;sig\x3d0_WABB4R_oq9woyb5zVvEk9gQZik8%3D\x26amp;cs\x3d2\x22
https://www.google.co.uk/search?q=miley+cyrus+party+with+sour+lyrics+video+@hyunja&amp;udm=2&amp;hl=en&amp;sa=X&amp;biw=1128&amp;bih=1133&amp;dpr=2&amp;ved=2ahUKEwiemYbL8smKAxV6wvACHfYHNAgQgowBegQIBxAA
https://www.google.co.uk/travel/flights?q\u003dmiley+cyrus+party+with+sour+lyrics+video+%40hyunja\u0026sca_esv\u003d83043bb16318dcfb\u0026hl\u003den\u0026biw\u003d1128\u0026bih\u003d1133\u0026tbm\u003dflm\u0026prmd\u003dbnsiv\u0026source\u003dlnms
https://www.google.com/pagead/1p-conversion/16521530460/?gad_source=1&adview_type=5
https://www.google.com/search/about-this-image?img\u003dH4sIAAAAAAAA_-MS4-j62Nmw69n57x2MAld_X1v-697neacYAYXb4fkYAAAA\u0026q\u003dhttps://www.youtube.com/watch?v%3D2BsP3JAUjso\u0026ctx\u003div\u0026hl\u003den-US
https://www.google.com/search/about-this-image?img\u003dH4sIAAAAAAAA_-MS49iy6fT2zY1dr-4xCkya3zlx_bm5e7oZAUVG3OwYAAAA\u0026q\u003dhttps://www.tiktok.com/@njerae/video/7277808280951393542\u0026ctx\u003div\u0026hl\u003den-US
https://www.google.com/search/about-this-image?img\u003dH4sIAAAAAAAA_-MS49j2_-SGpx0rpjcxCjS17m17_XPpnJmMAIMWxY8YAAAA\u0026q\u003dhttps://www.youtube.com/watch?v%3DX7BZK5JA9pU\u0026ctx\u003div\u0026hl\u003den-US
https://www.google.com/search/about-this-image?img\u003dH4sIAAAAAAAA_-MS49jSvOLK5XOLT59iFNjf1zehddmpo1cZAWrnGDQYAAAA\u0026q\u003dhttps://www.shazam.com/song/1552613904/lonely-heart?tab%3Dlyrics\u0026ctx\u003div\u0026hl\u003den-US
https://www.google.com/search/about-this-image?img\u003dH4sIAAAAAAAA_-MS4Ti44Xr_xWt7HrAKLNr5tPVyy8UeQwBj0c7YFgAAAA%3D%3D\u0026q\u003dhttps://m.youtube.com/watch?v%3DJXmP1p3t9GE%26pp%3DygULI2xpbGd1cnZhZGU%253D\u0026ctx\u003div\u0026hl\u003den-US
https://www.google.com/search/about-this-image?img\u003dH4sIAAAAAAAA_-MS4Tj-78esS_f6evkFVv38ve5686zTnADgrNPIFgAAAA%3D%3D\u0026q\u003dhttps://www.youtube.com/watch?v%3DNMswtM94Sp0\u0026ctx\u003div\u0026hl\u003den-US
https://www.google.com/search/about-this-image?img\u003dH4sIAAAAAAAA_-MS4Viyc9a1MxPmLBMXWNx45fXqny13pAD4rILlFgAAAA%3D%3D\u0026q\u003dhttps://www.youtube.com/watch?v%3DpkKP5VIjQX4\u0026ctx\u003div\u0026hl\u003den-US
https://www.google.com/search/about-this-image?img\u003dH4sIAAAAAAAA_-MS4Xh-9tS5toYtEzwEnj_t-XLiwqNT2QDkhVtlFgAAAA%3D%3D\u0026q\u003dhttps://www.tiktok.com/discover/cdo-song-lyrics\u0026ctx\u003div\u0026hl\u003den-US
https://www.google.com/search/about-this-image?img\u003dH4sIAAAAAAAA_-MS4Xi1prXj0Jr9S9gFeps7dnxfvuOtMwDGQFymFgAAAA%3D%3D\u0026q\u003dhttps://www.tiktok.com/discover/obsessed-with-me-lyrics-rubi-rose\u0026ctx\u003div\u0026hl\u003den-US
https://www.google.com/search/about-this-image?img\u003dH4sIAAAAAAAA_-MS4Zi-evnZaVM_7hMUODZz7aaWfxO6DAGq-3FnFgAAAA%3D%3D\u0026q\u003dhttps://www.youtube.com/watch?v%3DmG_BtyaNQN4\u0026ctx\u003div\u0026hl\u003den-US
https://www.google.com/search/about-this-image?img\u003dH4sIAAAAAAAA_-MS4Zjb2nXwwM8NqyQENqy617Ht-9MHfADQJg72FgAAAA%3D%3D\u0026q\u003dhttps://www.youtube.com/watch?v%3DE-fzxHWN8S0\u0026ctx\u003div\u0026hl\u003den-US
https://www.google.com/search/about-this-image?img\u003dH4sIAAAAAAAA_-MS4bh0_P_jmTe3ry8QeN86YcqfLUd7eAHXAH5jFgAAAA%3D%3D\u0026q\u003dhttps://www.youtube.com/watch?v%3D1d527uNOLiw\u0026ctx\u003div\u0026hl\u003den-US
https://www.google.com/search/about-this-image?img\u003dH4sIAAAAAAAA_-MS4bjQ_erS0n_X5-gIfO188G3Hhhk3-AEwi5OCFgAAAA%3D%3D\u0026q\u003dhttps://www.tiktok.com/@itsjustnifee/video/7203028691176164613\u0026ctx\u003div\u0026hl\u003den-US
https://www.google.com/search/about-this-image?img\u003dH4sIAAAAAAAA_-MS4dhz4NnjlV9WdGQL_Lv5oudb38ZTxgA9q9qnFgAAAA%3D%3D\u0026q\u003dhttps://www.youtube.com/watch?v%3DrEFquXqksus\u0026ctx\u003div\u0026hl\u003den-US
https://www.google.com/search/about-this-image?img\u003dH4sIAAAAAAAA_-MS5Tg3a8eE38--t7UyCtza0nbw9-5DjcUA5pFgBxcAAAA%3D\u0026q\u003dhttps://www.shazam.com/song/1605591366/%25E9%25BB%2591%25E6%25A1%2583a\u0026ctx\u003div\u0026hl\u003den-US
https://www.google.com/search/about-this-image?img\u003dH4sIAAAAAAAA_-MS5Tg_a_acjv5thxUFtryb2j716M4p9xgBmod6YhcAAAA%3D\u0026q\u003dhttps://www.youtube.com/watch?v%3DrirSiCholjE\u0026ctx\u003div\u0026hl\u003den-US
https://www.google.com/search/about-this-image?img\u003dH4sIAAAAAAAA_-MS5Th5bsKR3ldTGg8wCmx8-udV--fe-24ANaoFxxcAAAA%3D\u0026q\u003dhttps://www.youtube.com/watch?v%3DXFQLaQxGxHo\u0026ctx\u003div\u0026hl\u003den-US
https://www.google.com/search/about-this-image?img\u003dH4sIAAAAAAAA_-MS5TjeMevMivZjLTcZBQ78XPv59cv5B2oBA4kzDhcAAAA%3D\u0026q\u003dhttps://www.tiktok.com/@geenafontanella/video/7306212321720929578\u0026ctx\u003div\u0026hl\u003den-US
https://www.google.com/search/about-this-image?img\u003dH4sIAAAAAAAA_-MS5Wjo6Xz499L6c_kCk7e_nrGy6-WCi4wArdQc5BcAAAA%3D\u0026q\u003dhttps://www.tiktok.com/discover/makna-lagu-like-i-do-by-j-tajor\u0026ctx\u003div\u0026hl\u003den-US
https://www.google.com/search/about-this-image?img\u003dH4sIAAAAAAAA_-MS5XjV2339_6vZ_bYCUw8vnfGy-_O_HYwAzwmVFRcAAAA%3D\u0026q\u003dhttps://www.youtube.com/watch?v%3DJC0e72HJFCY\u0026ctx\u003div\u0026hl\u003den-US
https://www.google.com/search/about-this-image?img\u003dH4sIAAAAAAAA_-MS5Zj-_dTcf6uOTAkV6P518Ora1Q19qxgBmQn78RcAAAA%3D\u0026q\u003dhttps://www.tiktok.com/discover/megan-thee-stallion-dance-challenge2024-i-think-i-love-her-song-lyrics\u0026ctx\u003div\u0026hl\u003den-US
https://www.google.com/search/about-this-image?img\u003dH4sIAAAAAAAA_-MS5ZjTenr76fNdd1sYBSY_3LVlQv--FwUA1w_j-BcAAAA%3D\u0026q\u003dhttps://www.youtube.com/watch?v%3Do9o1jHq9UPw\u0026ctx\u003div\u0026hl\u003den-US
https://www.google.com/search/about-this-image?img\u003dH4sIAAAAAAAA_-MS5bj9_eaUOecvfvnAKND7-kz3rN-P-ssBuI6ayBcAAAA%3D\u0026q\u003dhttps://www.youtube.com/watch?v%3DUPDDSxVThgQ\u0026ctx\u003div\u0026hl\u003den-US
https://www.google.com/search/about-this-image?img\u003dH4sIAAAAAAAA_-MS5bjQNb3vy-5TbXMZBdrutF7Y0LrpjyAAbiIUxhcAAAA%3D\u0026q\u003dhttps://www.youtube.com/watch?v%3DLcBgrvKvwQE\u0026ctx\u003div\u0026hl\u003den-US
https://www.google.com/search/about-this-image?img\u003dH4sIAAAAAAAA_-MS5bjcdvLC8xunVgkKbOw_9Kp3_v_Z-xkB13ETSBcAAAA%3D\u0026q\u003dhttps://www.youtube.com/watch?v%3DcRvbZopoJ9Y\u0026ctx\u003div\u0026hl\u003den-US
https://www.google.com/search/about-this-image?img\u003dH4sIAAAAAAAA_-MS5eg51NK458GqniWMAodaD_67u-350QAAyeLxFhcAAAA%3D\u0026q\u003dhttps://www.tiktok.com/discover/xin-my-idol-full-lyrics\u0026ctx\u003div\u0026hl\u003den-US
https://www.google.com/search/about-this-image?img\u003dH4sIAAAAAAAA_-MS5fh88d7DFXNOP7YU-N8_p29R0-JLBxkBDBv78BcAAAA%3D\u0026q\u003dhttps://www.youtube.com/watch?v%3DxOZD6pwA7tM\u0026ctx\u003div\u0026hl\u003den-US
https://www.google.com/search/about-this-image?img\u003dH4sIAAAAAAAA_-MS5fh9b8mmCY8mTdnOKNB7692W_qaNr1IAZVVclRcAAAA%3D\u0026q\u003dhttps://www.youtube.com/watch?v%3DL7wBY6Bkd0c\u0026ctx\u003div\u0026hl\u003den-US
https://www.google.com/search/about-this-image?img\u003dH4sIAAAAAAAA_wEWAOn_ChQI-NXI6N37o_lCEL7No-zr_KyPKC41tKEWAAAA\u0026q\u003dhttps://www.youtube.com/watch?v%3D-41gXCtC_CU\u0026ctx\u003div\u0026hl\u003den-US
https://www.google.com/search/about-this-image?img\u003dH4sIAAAAAAAA_wEWAOn_ChQI04bJ0OfYyqoREJXh9pqQ893oVHsaBp0WAAAA\u0026q\u003dhttps://www.youtube.com/watch?v%3DcRvbZopoJ9Y\u0026ctx\u003div\u0026hl\u003den-US
https://www.google.com/search/about-this-image?img\u003dH4sIAAAAAAAA_wEWAOn_ChQI1rv27_eow-hBEMuzpNTe0rWeLGi6h5wWAAAA\u0026q\u003dhttps://www.tiktok.com/@user273628032/video/7433870064509521182\u0026ctx\u003div\u0026hl\u003den-US
https://www.google.com/search/about-this-image?img\u003dH4sIAAAAAAAA_wEWAOn_ChQI3urX78P8054YEOLCoNO304icOxR3ilUWAAAA\u0026q\u003dhttps://m.youtube.com/watch?v%3D9i55vt9yrmQ\u0026ctx\u003div\u0026hl\u003den-US
https://www.google.com/search/about-this-image?img\u003dH4sIAAAAAAAA_wEWAOn_ChQI89He4aicy-M5EJiuvsX6zrGwdbeNnwkWAAAA\u0026q\u003dhttps://www.youtube.com/watch?v%3DxOZD6pwA7tM\u0026ctx\u003div\u0026hl\u003den-US
https://www.google.com/search/about-this-image?img\u003dH4sIAAAAAAAA_wEWAOn_ChQIkPivvtOZ-JJPEOfX8L2L6Lm3G-7okksWAAAA\u0026q\u003dhttps://www.youtube.com/watch?v%3DD8tUR-2aBYI\u0026ctx\u003div\u0026hl\u003den-US
https://www.google.com/search/about-this-image?img\u003dH4sIAAAAAAAA_wEWAOn_ChQImp2_jtfIy7sXELf8nq-avpbGLx9tb8oWAAAA\u0026q\u003dhttps://www.tiktok.com/discover/do-you-know-whats-going-on-over-here-i-do-i-do-lyrics\u0026ctx\u003div\u0026hl\u003den-US
https://www.google.com/search/about-this-image?img\u003dH4sIAAAAAAAA_wEWAOn_ChQInt-0wKec4_liEJv99_iIvaqkZToob-YWAAAA\u0026q\u003dhttps://www.youtube.com/watch?v%3DSZmugunTZfw\u0026ctx\u003div\u0026hl\u003den-US
https://www.google.com/search/about-this-image?img\u003dH4sIAAAAAAAA_wEWAOn_ChQIpfq95On-o5clEP_Z_4WZy-7rFUE0vxAWAAAA\u0026q\u003dhttps://www.youtube.com/watch?v%3DdYKzjVYfesU\u0026ctx\u003div\u0026hl\u003den-US
https://www.google.com/search/about-this-image?img\u003dH4sIAAAAAAAA_wEWAOn_ChQIq5emtMy-n-5pELnhptCaxpHTRzR1mpEWAAAA\u0026q\u003dhttps://www.youtube.com/watch?v%3DWkCSX11v3Yk\u0026ctx\u003div\u0026hl\u003den-US
https://www.google.com/search/about-this-image?img\u003dH4sIAAAAAAAA_wEWAOn_ChQIq77rxbLNi-9-EM2_wM30nM_yR68fHM0WAAAA\u0026q\u003dhttps://www.tiktok.com/discover/do-you-like-my-body-song\u0026ctx\u003div\u0026hl\u003den-US
https://www.google.com/search/about-this-image?img\u003dH4sIAAAAAAAA_wEWAOn_ChQIv4Hx45j4o_pwEJPOlJC10d6mCPFcLagWAAAA\u0026q\u003dhttps://www.tiktok.com/discover/hunxho-when-ever-she-call-me-im-there\u0026ctx\u003div\u0026hl\u003den-US
https://www.google.com/search/about-this-image?img\u003dH4sIAAAAAAAA_wEWAOn_ChQIvrC86MWdq7QHEPH_9syTn4meROz3IbAWAAAA\u0026q\u003dhttps://www.youtube.com/watch?v%3DkFHIVfhEJZE\u0026ctx\u003div\u0026hl\u003den-US
https://www.google.com/search/about-this-image?img\u003dH4sIAAAAAAAA_wEXAOj_ChUI-aCwhqK1kJxZEJ6Z1vqitZ-7jAEUURqYFwAAAA%3D%3D\u0026q\u003dhttps://www.tiktok.com/discover/i-think-you-really-gotta-go-just-go\u0026ctx\u003div\u0026hl\u003den-US
https://www.google.com/search/about-this-image?img\u003dH4sIAAAAAAAA_wEXAOj_ChUI09Oo5JSFrrE0EM-u1K2jpOeskAGJ9BSjFwAAAA%3D%3D\u0026q\u003dhttps://www.youtube.com/watch?v%3Dbg00xgdbhls\u0026ctx\u003div\u0026hl\u003den-US
https://www.google.com/search/about-this-image?img\u003dH4sIAAAAAAAA_wEXAOj_ChUI0rX8-vTYxrgNENW1lbyTicaGzwHEdkwUFwAAAA%3D%3D\u0026q\u003dhttps://www.youtube.com/watch?v%3DJdtE7IAZfCs\u0026ctx\u003div\u0026hl\u003den-US
https://www.google.com/search/about-this-image?img\u003dH4sIAAAAAAAA_wEXAOj_ChUI2Jr_zIGmtdwXEMT37PLmnPa2jgHt2pfzFwAAAA%3D%3D\u0026q\u003dhttps://www.tiktok.com/discover/she-smile-at-me-lyrics-full-song\u0026ctx\u003div\u0026hl\u003den-US
https://www.google.com/search/about-this-image?img\u003dH4sIAAAAAAAA_wEXAOj_ChUI3dv2jK3TyLEBELKRiafU1v-noAG66smYFwAAAA%3D%3D\u0026q\u003dhttps://www.tiktok.com/@itz_cdy/video/7209736960859049221\u0026ctx\u003div\u0026hl\u003den-US
https://www.google.com/search/about-this-image?img\u003dH4sIAAAAAAAA_wEXAOj_ChUI3s3U5aDKsc4REL2R6LSyk7CAnAFMcoRlFwAAAA%3D%3D\u0026q\u003dhttps://www.youtube.com/watch?v%3D-nd-C5HzobI\u0026ctx\u003div\u0026hl\u003den-US
https://www.google.com/search/about-this-image?img\u003dH4sIAAAAAAAA_wEXAOj_ChUI5NHk0I_70fvWARDjxqzPlNPfo0vPhdkLFwAAAA%3D%3D\u0026q\u003dhttps://www.tiktok.com/discover/joye-joye-bhutanese-lyrics\u0026ctx\u003div\u0026hl\u003den-US
https://www.google.com/search/about-this-image?img\u003dH4sIAAAAAAAA_wEXAOj_ChUI5am1u8i94IDQARCDs5SgzMfMm3xHsTqhFwAAAA%3D%3D\u0026q\u003dhttps://www.youtube.com/watch?v%3DfsuotHqsdJY\u0026ctx\u003div\u0026hl\u003den-US
https://www.google.com/search/about-this-image?img\u003dH4sIAAAAAAAA_wEXAOj_ChUI6OHWxrbxtppIEOq-uuOerv7vkgHwcxl3FwAAAA%3D%3D\u0026q\u003dhttps://www.tiktok.com/discover/follow-follow-song-original\u0026ctx\u003div\u0026hl\u003den-US
https://www.google.com/search/about-this-image?img\u003dH4sIAAAAAAAA_wEXAOj_ChUI8pusvf_RpsS_ARDnqdXPxsXXtDgn_rBhFwAAAA%3D%3D\u0026q\u003dhttps://www.youtube.com/watch?v%3DtO2xJjsjD7k\u0026ctx\u003div\u0026hl\u003den-US
https://www.google.com/search/about-this-image?img\u003dH4sIAAAAAAAA_wEXAOj_ChUI9Lqlkc7s67J_EO2p64zMpruH2gEqs4yZFwAAAA%3D%3D\u0026q\u003dhttps://www.youtube.com/watch?v%3DJkG7YbAHowY\u0026ctx\u003div\u0026hl\u003den-US
https://www.google.com/search/about-this-image?img\u003dH4sIAAAAAAAA_wEXAOj_ChUI9v3G0cT06YEBEOK55pefkYfw5QFn5RBkFwAAAA%3D%3D\u0026q\u003dhttps://www.youtube.com/watch?v%3DGymSNKCKXHk\u0026ctx\u003div\u0026hl\u003den-US
https://www.google.com/search/about-this-image?img\u003dH4sIAAAAAAAA_wEXAOj_ChUIg92lmNPVif7YARCV2M3o0p3NmS7i8hNXFwAAAA%3D%3D\u0026q\u003dhttps://www.tiktok.com/discover/if-you-want-my-body-song\u0026ctx\u003div\u0026hl\u003den-US
https://www.google.com/search/about-this-image?img\u003dH4sIAAAAAAAA_wEXAOj_ChUIgqSX-cjzj82qARDn6f-hn8Xg0WIFPVTTFwAAAA%3D%3D\u0026q\u003dhttps://genius.com/Che-miley-cyrus-lyrics\u0026ctx\u003div\u0026hl\u003den-US
https://www.google.com/search/about-this-image?img\u003dH4sIAAAAAAAA_wEXAOj_ChUIhMyDv6nFxsSSARDKtPKt1tTDnhjWTvwCFwAAAA%3D%3D\u0026q\u003dhttps://www.youtube.com/watch?v%3DqL6E8IafoYs\u0026ctx\u003div\u0026hl\u003den-US
https://www.google.com/search/about-this-image?img\u003dH4sIAAAAAAAA_wEXAOj_ChUIj9KUkJyq45wwEJau-tSVgaDh1wGKaKFuFwAAAA%3D%3D\u0026q\u003dhttps://www.youtube.com/watch?v%3DzKmKBeMwV78\u0026ctx\u003div\u0026hl\u003den-US
https://www.google.com/search/about-this-image?img\u003dH4sIAAAAAAAA_wEXAOj_ChUIjse99dy0opDWARCW55bxtqeg9C2sK_GnFwAAAA%3D%3D\u0026q\u003dhttps://www.tiktok.com/discover/jump-like-lyrics\u0026ctx\u003div\u0026hl\u003den-US
https://www.google.com/search/about-this-image?img\u003dH4sIAAAAAAAA_wEXAOj_ChUIkZu776-k2IleEPCyr6f58oW-_AGxSK6lFwAAAA%3D%3D\u0026q\u003dhttps://www.tiktok.com/discover/check-check-song\u0026ctx\u003div\u0026hl\u003den-US
https://www.google.com/search/about-this-image?img\u003dH4sIAAAAAAAA_wEXAOj_ChUIl_G8rsnkgvNCEK7Ay_2-z52FuAHLOJIYFwAAAA%3D%3D\u0026q\u003dhttps://www.tiktok.com/discover/tell-me-im-your-type-song\u0026ctx\u003div\u0026hl\u003den-US
https://www.google.com/search/about-this-image?img\u003dH4sIAAAAAAAA_wEXAOj_ChUIm-qBxbjrtdlzEJ-0v-S86dfviwGQQOlvFwAAAA%3D%3D\u0026q\u003dhttps://www.youtube.com/watch?v%3Dkgk0cG_IIzo\u0026ctx\u003div\u0026hl\u003den-US
https://www.google.com/search/about-this-image?img\u003dH4sIAAAAAAAA_wEXAOj_ChUImeO25u-ExqJHELeci9jqt6XDswFIwnHaFwAAAA%3D%3D\u0026q\u003dhttps://www.youtube.com/watch?v%3Div4cUcHCDk4\u0026ctx\u003div\u0026hl\u003den-US
https://www.google.com/search/about-this-image?img\u003dH4sIAAAAAAAA_wEXAOj_ChUInc2Tvcvt-MTFARDa46PP5IqwmgOgAcidFwAAAA%3D%3D\u0026q\u003dhttps://www.tiktok.com/discover/bounce-if-she-want-me-lyrics\u0026ctx\u003div\u0026hl\u003den-US
https://www.google.com/search/about-this-image?img\u003dH4sIAAAAAAAA_wEXAOj_ChUIpsKirNSj3q3oARD72tbJ1ZGwgRHwzZNJFwAAAA%3D%3D\u0026q\u003dhttps://www.youtube.com/watch?v%3Di-QqfKD5M9U\u0026ctx\u003div\u0026hl\u003den-US
https://www.google.com/search/about-this-image?img\u003dH4sIAAAAAAAA_wEXAOj_ChUIptWbivSwmf9XEMvA4oKw45LOkwGpvOzVFwAAAA%3D%3D\u0026q\u003dhttps://www.youtube.com/watch?v%3Dabb_Vlf1M5Q\u0026ctx\u003div\u0026hl\u003den-US
https://www.google.com/search/about-this-image?img\u003dH4sIAAAAAAAA_wEXAOj_ChUIq77rxbLNi-9-EKmmiLu7nruvpAEKtIIoFwAAAA%3D%3D\u0026q\u003dhttps://www.tiktok.com/discover/do-you-like-my-body-song\u0026ctx\u003div\u0026hl\u003den-US
https://www.google.com/search/about-this-image?img\u003dH4sIAAAAAAAA_wEXAOj_ChUIrIfJ9Oy_gfbbARC5re7H97L8_GZGKWl3FwAAAA%3D%3D\u0026q\u003dhttps://www.youtube.com/watch?v%3D-Rzyk85j79Q\u0026ctx\u003div\u0026hl\u003den-US
https://www.google.com/search/about-this-image?img\u003dH4sIAAAAAAAA_wEXAOj_ChUIrLaL4IbulZKdARDOrsGZkt6UwGpIzkjTFwAAAA%3D%3D\u0026q\u003dhttps://m.youtube.com/watch?v%3DhkbbixDEtNE%26pp%3DygUUI215YWdkaWtob2xhYmFnaWFheW8%253D\u0026ctx\u003div\u0026hl\u003den-US
https://www.google.com/search/about-this-image?img\u003dH4sIAAAAAAAA_wEXAOj_ChUIrODqtOa7_OP9ARCm1dvZipXhm2eg74p7FwAAAA%3D%3D\u0026q\u003dhttps://www.tiktok.com/@itsyungian/video/7290170126765214981\u0026ctx\u003div\u0026hl\u003den-US
https://www.google.com/search/about-this-image?img\u003dH4sIAAAAAAAA_wEXAOj_ChUItdSB2Ovr9qtoENn3u7uknPzkoQGkLwRcFwAAAA%3D%3D\u0026q\u003dhttps://www.tiktok.com/discover/songs-with-lyrics-to-get-sturdy\u0026ctx\u003div\u0026hl\u003den-US
https://www.google.com/search/about-this-image?img\u003dH4sIAAAAAAAA_wEXAOj_ChUIuf-a0N3sx_CaARD0mqvNovTmgAOBzZdqFwAAAA%3D%3D\u0026q\u003dhttps://www.youtube.com/watch?v%3DLGUjjK7oaB4\u0026ctx\u003div\u0026hl\u003den-US
https://www.google.com/search/about-this-image?img\u003dH4sIAAAAAAAA_wEXAOj_ChUIusDCu86F8cWhARCS28Lk067WlHpeO_CWFwAAAA%3D%3D\u0026q\u003dhttps://www.tiktok.com/discover/emergency-dance-lyrics\u0026ctx\u003div\u0026hl\u003den-US
https://www.google.com/search/about-this-image?img\u003dH4sIAAAAAAAA_wEXAOj_ChUIv93ly6jF9upZEJv4qb3P3r-HigEdCZUdFwAAAA%3D%3D\u0026q\u003dhttps://m.youtube.com/watch?v%3DUchEK9O1dos%26pp%3DygUII3NvbG95w7M%253D\u0026ctx\u003div\u0026hl\u003den-US
https://www.google.com/search/about-this-image?img\u003dH4sIAAAAAAAA_wEXAOj_ChUIvNq54JT1ltS3ARCrmeyi0LavrnC_SkwNFwAAAA%3D%3D\u0026q\u003dhttps://www.youtube.com/watch?v%3DU8gzpUrCTqE\u0026ctx\u003div\u0026hl\u003den-US
https://www.google.com/search/about-this-image?img\u003dH4sIAAAAAAAA_wEXAOj_ChUIwaWf7sfEpP_iARCG6rvN-buw3jaK9nqkFwAAAA%3D%3D\u0026q\u003dhttps://m.youtube.com/watch?v%3D1wH68ArJQh8%26pp%3DygUOI2ppZ2dhbGV0bWVzZWU%253D\u0026ctx\u003div\u0026hl\u003den-US
https://www.google.com/search/about-this-image?img\u003dH4sIAAAAAAAA_wEXAOj_ChUIy8j1x4Thp6waEKnU9a6VteyPwwFN4mexFwAAAA%3D%3D\u0026q\u003dhttps://www.youtube.com/watch?v%3Dv6h5a0yXL7E\u0026ctx\u003div\u0026hl\u003den-US
https://www.google.com/search/about-this-image?img\u003dH4sIAAAAAAAA_wEXAOj_ChUIz6XB_K_u27AdEKDRyqz5yvOuqQFOpmgDFwAAAA%3D%3D\u0026q\u003dhttps://m.youtube.com/watch?v%3DLSQAeOXx3k4%26pp%3DygUGIzJkZTIy\u0026ctx\u003div\u0026hl\u003den-US
https://www.google.com/search/about-this-image?img\u003dH4sIAAAAAAAA_wEYAOf_ChYI1sHY3se_2pbbARDLmJnhxPqF_aYBvHlychgAAAA%3D\u0026q\u003dhttps://www.tiktok.com/@grechkasan/video/7181411872342609157\u0026ctx\u003div\u0026hl\u003den-US
https://www.google.com/search/about-this-image?img\u003dH4sIAAAAAAAA_wEYAOf_ChYI28v0qtDvk4LHARDd96H3mJDbu-kBVbwt4BgAAAA%3D\u0026q\u003dhttps://www.tiktok.com/@music_jin77/video/7300289148965915909\u0026ctx\u003div\u0026hl\u003den-US
https://www.google.com/search/about-this-image?img\u003dH4sIAAAAAAAA_wEYAOf_ChYI2LP2jLSlg8SxARDGu625v-md7q0B0kqJ2RgAAAA%3D\u0026q\u003dhttps://m.youtube.com/watch?v%3DYiwMRmlDTCE%26t%3D0s\u0026ctx\u003div\u0026hl\u003den-US
https://www.google.com/search/about-this-image?img\u003dH4sIAAAAAAAA_wEYAOf_ChYI4-yJm6Pw16GsARCeh7yM5PuSoNIBWR1iohgAAAA%3D\u0026q\u003dhttps://m.youtube.com/watch?v%3DvvQ-0lEaMVQ%26pp%3DygUPI2hlbG1ib2dvdGlrdG9r\u0026ctx\u003div\u0026hl\u003den-US
https://www.google.com/search/about-this-image?img\u003dH4sIAAAAAAAA_wEYAOf_ChYI5am1u8i94IDQARDwq4nU9P2X7cYBAPnknxgAAAA%3D\u0026q\u003dhttps://www.youtube.com/watch?v%3DfsuotHqsdJY\u0026ctx\u003div\u0026hl\u003den-US
https://www.google.com/search/about-this-image?img\u003dH4sIAAAAAAAA_wEYAOf_ChYI7OennM_qmq_gARDM_6T8_ofytO4By8jb2RgAAAA%3D\u0026q\u003dhttps://m.youtube.com/watch?v%3D2JMyYJ3T_pg%26pp%3DygUMI3dlbm90cHVzc3lz\u0026ctx\u003div\u0026hl\u003den-US
https://www.google.com/search/about-this-image?img\u003dH4sIAAAAAAAA_wEYAOf_ChYIh9rfoo_Fx5yhARCYuZfT-77phdkBN6_wUxgAAAA%3D\u0026q\u003dhttps://www.tiktok.com/discover/what-the-f-song\u0026ctx\u003div\u0026hl\u003den-US
https://www.google.com/search/about-this-image?img\u003dH4sIAAAAAAAA_wEYAOf_ChYIitL0kvX9ueSGARDOm5bb4buIq7QBf0UUXRgAAAA%3D\u0026q\u003dhttps://www.youtube.com/watch?v%3DH-1dtVMIaBM\u0026ctx\u003div\u0026hl\u003den-US
https://www.google.com/search/about-this-image?img\u003dH4sIAAAAAAAA_wEYAOf_ChYIkJCW_MvlouTwARCw49OksvXk2agBOirG0RgAAAA%3D\u0026q\u003dhttps://www.tiktok.com/discover/kang-kang-kang-song-translation\u0026ctx\u003div\u0026hl\u003den-US
https://www.google.com/search/about-this-image?img\u003dH4sIAAAAAAAA_wEYAOf_ChYIkJfk55Xjwp29ARCY9_eEkvGFr_oBHYzo_RgAAAA%3D\u0026q\u003dhttps://www.tiktok.com/discover/ka-lekeke-focalistic-song-lyrics\u0026ctx\u003div\u0026hl\u003den-US
https://www.google.com/search/about-this-image?img\u003dH4sIAAAAAAAA_wEYAOf_ChYIlsKk5LvC58GcARCTiufz0JPcxrMBksDJgRgAAAA%3D\u0026q\u003dhttps://www.youtube.com/watch?v%3Dtqi5oyXOqek\u0026ctx\u003div\u0026hl\u003den-US
https://www.google.com/search/about-this-image?img\u003dH4sIAAAAAAAA_wEYAOf_ChYIltvT8cWaxL_bARDup6P17Nnc0pQB2HltmRgAAAA%3D\u0026q\u003dhttps://www.youtube.com/watch?v%3DVDcrA3_GbPY\u0026ctx\u003div\u0026hl\u003den-US
https://www.google.com/search/about-this-image?img\u003dH4sIAAAAAAAA_wEYAOf_ChYIpOGAoIDK14ycARCxv-LMytm9tNABpcnGpBgAAAA%3D\u0026q\u003dhttps://m.youtube.com/watch?v%3DHmX52n9dZS0%26pp%3DygUTI3R5Z2FyYWNrY2l0eWx5cmljcw%253D%253D\u0026ctx\u003div\u0026hl\u003den-US
https://www.google.com/search/about-this-image?img\u003dH4sIAAAAAAAA_wEYAOf_ChYIqcepoJaMl7mtARCumb2n4bSP1bABLtEewBgAAAA%3D\u0026q\u003dhttps://www.youtube.com/watch?v%3DaxRyG9XuqIQ\u0026ctx\u003div\u0026hl\u003den-US
https://www.google.com/search/about-this-image?img\u003dH4sIAAAAAAAA_wEYAOf_ChYIqsHwme-isaP0ARCggszA2a7v3sAB1epUUhgAAAA%3D\u0026q\u003dhttps://www.tiktok.com/discover/i-miss-the-take-your-b-lyrics\u0026ctx\u003div\u0026hl\u003den-US
https://www.google.com/search/about-this-image?img\u003dH4sIAAAAAAAA_wEYAOf_ChYIqv_7_POfsbCdARCZ5PvZubns-IoBzvP4yRgAAAA%3D\u0026q\u003dhttps://www.youtube.com/watch?v%3DL3DQzMzXnEY\u0026ctx\u003div\u0026hl\u003den-US
https://www.google.com/search/about-this-image?img\u003dH4sIAAAAAAAA_wEYAOf_ChYIr8LY17ah7_zuARDlkd_y0t3r4PYBszI3vhgAAAA%3D\u0026q\u003dhttps://www.youtube.com/watch?v%3DUSZEgZ_UCtU\u0026ctx\u003div\u0026hl\u003den-US
https://www.google.com/search/about-this-image?img\u003dH4sIAAAAAAAA_wEYAOf_ChYIsLC2kN3s39bLARDSnquM7rzj570BqyshQRgAAAA%3D\u0026q\u003dhttps://www.tiktok.com/discover/zahide-song-komplett\u0026ctx\u003div\u0026hl\u003den-US
https://www.google.com/search/about-this-image?img\u003dH4sIAAAAAAAA_wEYAOf_ChYIsfvv0vbJ99n5ARDdpu67rrSRjowB8uyNcRgAAAA%3D\u0026q\u003dhttps://www.youtube.com/watch?v%3DK2EUMqJCF-Y\u0026ctx\u003div\u0026hl\u003den-US
https://www.google.com/search/about-this-image?img\u003dH4sIAAAAAAAA_wEYAOf_ChYIxsOOpMWckIrXARDGlouv5bLJ_eQB-rqJ2hgAAAA%3D\u0026q\u003dhttps://www.tiktok.com/@mhejhcgd/video/7191320892436253978\u0026ctx\u003div\u0026hl\u003den-US
https://www.google.com/search/about-this-image?img\u003dH4sIAAAAAAAA_wEYAOf_ChYIzM623Iif88HCARCNmqG_1Nr68YABx18d3hgAAAA%3D\u0026q\u003dhttps://m.youtube.com/watch?v%3DqfZQFmIAIBc%26pp%3DygULI3doYXTEsXTEsXM%253D\u0026ctx\u003div\u0026hl\u003den-US
https://www.google.com/search/about-this-image?img\u003dH4sIAAAAAAAA_wEYAOf_ChYIzPaHmZCrybiUARC-q5HQ_PbVw4sBq5kABhgAAAA%3D\u0026q\u003dhttps://www.tiktok.com/discover/la-famille-le-s-titre-de-la-chanson\u0026ctx\u003div\u0026hl\u003den-US
https://www.google.com/search/about-this-image?img\u003dH4sIAAAAAAAA_wEYAOf_ChYIzsrggfCttpqeARDw5PHl6O3p9LoB08RmzhgAAAA%3D\u0026q\u003dhttps://www.tiktok.com/discover/emergency-trend-song-lyrics\u0026ctx\u003div\u0026hl\u003den-US
https://www.google.com\
https://www.googleadservices.com/pagead/aclk
https://www.googleadservices.com/pagead/conversion/16521530460/?gad_source=1&adview_type=3
https://www.gstatic.com/og/_/js/k=og.asy.en_US.tVea3jDa_xA.2019.O/rt=j/m=_ac,_awd,ada,lldp,qads/exm=/d=1/ed=1/rs=AA2YrTvMXWOLkn4e7OpuY6R5W-zhRj86_Q
https://www.gstatic.com/og/_/js/k\x3dog.asy.en_US.tVea3jDa_xA.2019.O/rt\x3dj/m\x3d_ac,_awd,ada,lldp,qads/exm\x3d/d\x3d1/ed\x3d1/rs\x3dAA2YrTvMXWOLkn4e7OpuY6R5W-zhRj86_Q
https://www.gstatic.com/og/_/ss/k=og.asy.bU0lx3j6Cpw.L.W.O/m=adcgm3,ll_fw/excm=/d=1/ed=1/ct=zgms/rs=AA2YrTtPi1_F_xVeVw_Lpywb54ycIzK5gQ
https://www.shazam.com/song/1552613904/lonely-heart%3Ftab%3Dlyrics&amp;ved=2ahUKEwiemYbL8smKAxV6wvACHfYHNAgQr4kDegUI9wIQAA
https://www.shazam.com/song/1552613904/lonely-heart?tab=lyrics
https://www.shazam.com/song/1552613904/lonely-heart?tab\u003dlyrics
https://www.shazam.com/song/1605591366/%25E9%25BB%2591%25E6%25A1%2583a&amp;ved=2ahUKEwiemYbL8smKAxV6wvACHfYHNAgQr4kDegQIZBAA
https://www.shazam.com/song/1605591366/%E9%BB%91%E6%A1%83a
https://www.tiktok.com/%40geenafontanella/video/7306212321720929578&amp;ved=2ahUKEwiemYbL8smKAxV6wvACHfYHNAgQr4kDegUI1QEQAA
https://www.tiktok.com/%40grechkasan/video/7181411872342609157&amp;ved=2ahUKEwiemYbL8smKAxV6wvACHfYHNAgQr4kDegUI2gEQAA
https://www.tiktok.com/%40itsjustnifee/video/7203028691176164613&amp;ved=2ahUKEwiemYbL8smKAxV6wvACHfYHNAgQr4kDegUI4wIQAA
https://www.tiktok.com/%40itsyungian/video/7290170126765214981&amp;ved=2ahUKEwiemYbL8smKAxV6wvACHfYHNAgQr4kDegUIhQEQAA
https://www.tiktok.com/%40itz_cdy/video/7209736960859049221&amp;ved=2ahUKEwiemYbL8smKAxV6wvACHfYHNAgQr4kDegUIzgMQAA
https://www.tiktok.com/%40mhejhcgd/video/7191320892436253978&amp;ved=2ahUKEwiemYbL8smKAxV6wvACHfYHNAgQr4kDegUImQMQAA
https://www.tiktok.com/%40music_jin77/video/7300289148965915909&amp;ved=2ahUKEwiemYbL8smKAxV6wvACHfYHNAgQr4kDegUIrwEQAA
https://www.tiktok.com/%40njerae/video/7277808280951393542&amp;ved=2ahUKEwiemYbL8smKAxV6wvACHfYHNAgQr4kDegUIsgIQAA
https://www.tiktok.com/%40user273628032/video/7433870064509521182&amp;ved=2ahUKEwiemYbL8smKAxV6wvACHfYHNAgQr4kDegQIfxAA
https://www.tiktok.com/@geenafontanella/video/7306212321720929578
https://www.tiktok.com/@grechkasan/video/7181411872342609157
https://www.tiktok.com/@itsjustnifee/video/7203028691176164613
https://www.tiktok.com/@itsyungian/video/7290170126765214981
https://www.tiktok.com/@itz_cdy/video/7209736960859049221
https://www.tiktok.com/@mhejhcgd/video/7191320892436253978
https://www.tiktok.com/@music_jin77/video/7300289148965915909
https://www.tiktok.com/@njerae/video/7277808280951393542
https://www.tiktok.com/@user273628032/video/7433870064509521182
https://www.tiktok.com/api/img/?itemId\u003d7038789175847488795\u0026location\u003d0\u0026aid\u003d1988
https://www.tiktok.com/api/img/?itemId\u003d7043814714404654342\u0026location\u003d0\u0026aid\u003d1988
https://www.tiktok.com/api/img/?itemId\u003d7089835351115648282\u0026location\u003d0\u0026aid\u003d1988
https://www.tiktok.com/api/img/?itemId\u003d7181411872342609157\u0026location\u003d0\u0026aid\u003d1988
https://www.tiktok.com/api/img/?itemId\u003d7191320892436253978\u0026location\u003d0\u0026aid\u003d1988
https://www.tiktok.com/api/img/?itemId\u003d7203028691176164613\u0026location\u003d0\u0026aid\u003d1988
https://www.tiktok.com/api/img/?itemId\u003d7207386227555749126\u0026location\u003d0\u0026aid\u003d1988
https://www.tiktok.com/api/img/?itemId\u003d7209736960859049221\u0026location\u003d0\u0026aid\u003d1988
https://www.tiktok.com/api/img/?itemId\u003d7214004504864312582\u0026location\u003d0\u0026aid\u003d1988
https://www.tiktok.com/api/img/?itemId\u003d7229439446737865989\u0026location\u003d0\u0026aid\u003d1988
https://www.tiktok.com/api/img/?itemId\u003d7238306458566135067\u0026location\u003d0\u0026aid\u003d1988
https://www.tiktok.com/api/img/?itemId\u003d7241436593557376263\u0026location\u003d0\u0026aid\u003d1988
https://www.tiktok.com/api/img/?itemId\u003d7276044991498079506\u0026location\u003d0\u0026aid\u003d1988
https://www.tiktok.com/api/img/?itemId\u003d7276304040588365062\u0026location\u003d0\u0026aid\u003d1988
https://www.tiktok.com/api/img/?itemId\u003d7277808280951393542\u0026location\u003d0\u0026aid\u003d1988
https://www.tiktok.com/api/img/?itemId\u003d7282767723099114758\u0026location\u003d0\u0026aid\u003d1988
https://www.tiktok.com/api/img/?itemId\u003d7290170126765214981\u0026location\u003d0\u0026aid\u003d1988
https://www.tiktok.com/api/img/?itemId\u003d7295030605056724229\u0026location\u003d0\u0026aid\u003d1988
https://www.tiktok.com/api/img/?itemId\u003d7300289148965915909\u0026location\u003d0\u0026aid\u003d1988
https://www.tiktok.com/api/img/?itemId\u003d7304690839698132229\u0026location\u003d0\u0026aid\u003d1988
https://www.tiktok.com/api/img/?itemId\u003d7306212321720929578\u0026location\u003d0\u0026aid\u003d1988
https://www.tiktok.com/api/img/?itemId\u003d7328062795822419206\u0026location\u003d0\u0026aid\u003d1988
https://www.tiktok.com/api/img/?itemId\u003d7338111263681023238\u0026location\u003d0\u0026aid\u003d1988
https://www.tiktok.com/api/img/?itemId\u003d7340111317438614786\u0026location\u003d0\u0026aid\u003d1988
https://www.tiktok.com/api/img/?itemId\u003d7349957771271376170\u0026location\u003d0\u0026aid\u003d1988
https://www.tiktok.com/api/img/?itemId\u003d7365491423564582151\u0026location\u003d0\u0026aid\u003d1988
https://www.tiktok.com/api/img/?itemId\u003d7391838000394652936\u0026location\u003d0\u0026aid\u003d1988
https://www.tiktok.com/api/img/?itemId\u003d7400103514921241873\u0026location\u003d0\u0026aid\u003d1988
https://www.tiktok.com/api/img/?itemId\u003d7423009888567086344\u0026location\u003d0\u0026aid\u003d1988
https://www.tiktok.com/api/img/?itemId\u003d7423241174237940997\u0026location\u003d0\u0026aid\u003d1988
https://www.tiktok.com/api/img/?itemId\u003d7433870064509521182\u0026location\u003d0\u0026aid\u003d1988
https://www.tiktok.com/api/img/?itemId\u003d7435079288795221291\u0026location\u003d0\u0026aid\u003d1988
https://www.tiktok.com/api/img/?itemId\u003d7437354497271254290\u0026location\u003d0\u0026aid\u003d1988
https://www.tiktok.com/api/img/?itemId\u003d7437902385680223495\u0026location\u003d0\u0026aid\u003d1988
https://www.tiktok.com/discover/bounce-if-she-want-me-lyrics
https://www.tiktok.com/discover/bounce-if-she-want-me-lyrics&amp;ved=2ahUKEwiemYbL8smKAxV6wvACHfYHNAgQr4kDegUIrwIQAA
https://www.tiktok.com/discover/cdo-song-lyrics
https://www.tiktok.com/discover/cdo-song-lyrics&amp;ved=2ahUKEwiemYbL8smKAxV6wvACHfYHNAgQr4kDegUIhQIQAA
https://www.tiktok.com/discover/check-check-song
https://www.tiktok.com/discover/check-check-song&amp;ved=2ahUKEwiemYbL8smKAxV6wvACHfYHNAgQr4kDegUItAIQAA
https://www.tiktok.com/discover/do-you-know-whats-going-on-over-here-i-do-i-do-lyrics
https://www.tiktok.com/discover/do-you-know-whats-going-on-over-here-i-do-i-do-lyrics&amp;ved=2ahUKEwiemYbL8smKAxV6wvACHfYHNAgQr4kDegUI5wIQAA
https://www.tiktok.com/discover/do-you-like-my-body-song
https://www.tiktok.com/discover/do-you-like-my-body-song&amp;ved=2ahUKEwiemYbL8smKAxV6wvACHfYHNAgQr4kDegUI3wIQAA
https://www.tiktok.com/discover/do-you-like-my-body-song&amp;ved=2ahUKEwiemYbL8smKAxV6wvACHfYHNAgQr4kDegUIhAIQAA
https://www.tiktok.com/discover/emergency-dance-lyrics
https://www.tiktok.com/discover/emergency-dance-lyrics&amp;ved=2ahUKEwiemYbL8smKAxV6wvACHfYHNAgQr4kDegUIygMQAA
https://www.tiktok.com/discover/emergency-trend-song-lyrics
https://www.tiktok.com/discover/emergency-trend-song-lyrics&amp;ved=2ahUKEwiemYbL8smKAxV6wvACHfYHNAgQr4kDegUI4QMQAA
https://www.tiktok.com/discover/follow-follow-song-original
https://www.tiktok.com/discover/follow-follow-song-original&amp;ved=2ahUKEwiemYbL8smKAxV6wvACHfYHNAgQr4kDegUIkQMQAA
https://www.tiktok.com/discover/hunxho-when-ever-she-call-me-im-there
https://www.tiktok.com/discover/hunxho-when-ever-she-call-me-im-there&amp;ved=2ahUKEwiemYbL8smKAxV6wvACHfYHNAgQr4kDegUI3wEQAA
https://www.tiktok.com/discover/i-miss-the-take-your-b-lyrics
https://www.tiktok.com/discover/i-miss-the-take-your-b-lyrics&amp;ved=2ahUKEwiemYbL8smKAxV6wvACHfYHNAgQr4kDegUI4QIQAA
https://www.tiktok.com/discover/i-think-you-really-gotta-go-just-go
https://www.tiktok.com/discover/i-think-you-really-gotta-go-just-go&amp;ved=2ahUKEwiemYbL8smKAxV6wvACHfYHNAgQr4kDegUImgMQAA
https://www.tiktok.com/discover/if-you-want-my-body-song
https://www.tiktok.com/discover/if-you-want-my-body-song&amp;ved=2ahUKEwiemYbL8smKAxV6wvACHfYHNAgQr4kDegUIgQEQAA
https://www.tiktok.com/discover/joye-joye-bhutanese-lyrics
https://www.tiktok.com/discover/joye-joye-bhutanese-lyrics&amp;ved=2ahUKEwiemYbL8smKAxV6wvACHfYHNAgQr4kDegUI4AIQAA
https://www.tiktok.com/discover/jump-like-lyrics
https://www.tiktok.com/discover/jump-like-lyrics&amp;ved=2ahUKEwiemYbL8smKAxV6wvACHfYHNAgQr4kDegUIsgEQAA
https://www.tiktok.com/discover/ka-lekeke-focalistic-song-lyrics
https://www.tiktok.com/discover/ka-lekeke-focalistic-song-lyrics&amp;ved=2ahUKEwiemYbL8smKAxV6wvACHfYHNAgQr4kDegUI4gEQAA
https://www.tiktok.com/discover/kang-kang-kang-song-translation
https://www.tiktok.com/discover/kang-kang-kang-song-translation&amp;ved=2ahUKEwiemYbL8smKAxV6wvACHfYHNAgQr4kDegUI4gMQAA
https://www.tiktok.com/discover/la-famille-le-s-titre-de-la-chanson
https://www.tiktok.com/discover/la-famille-le-s-titre-de-la-chanson&amp;ved=2ahUKEwiemYbL8smKAxV6wvACHfYHNAgQr4kDegQIUxAA
https://www.tiktok.com/discover/makna-lagu-like-i-do-by-j-tajor
https://www.tiktok.com/discover/makna-lagu-like-i-do-by-j-tajor&amp;ved=2ahUKEwiemYbL8smKAxV6wvACHfYHNAgQr4kDegUIlQIQAA
https://www.tiktok.com/discover/megan-thee-stallion-dance-challenge2024-i-think-i-love-her-song-lyrics
https://www.tiktok.com/discover/megan-thee-stallion-dance-challenge2024-i-think-i-love-her-song-lyrics&amp;ved=2ahUKEwiemYbL8smKAxV6wvACHfYHNAgQr4kDegUIkQIQAA
https://www.tiktok.com/discover/obsessed-with-me-lyrics-rubi-rose
https://www.tiktok.com/discover/obsessed-with-me-lyrics-rubi-rose&amp;ved=2ahUKEwiemYbL8smKAxV6wvACHfYHNAgQr4kDegQIfhAA
https://www.tiktok.com/discover/she-smile-at-me-lyrics-full-song
https://www.tiktok.com/discover/she-smile-at-me-lyrics-full-song&amp;ved=2ahUKEwiemYbL8smKAxV6wvACHfYHNAgQr4kDegUIugMQAA
https://www.tiktok.com/discover/songs-with-lyrics-to-get-sturdy
https://www.tiktok.com/discover/songs-with-lyrics-to-get-sturdy&amp;ved=2ahUKEwiemYbL8smKAxV6wvACHfYHNAgQr4kDegUI1wEQAA
https://www.tiktok.com/discover/tell-me-im-your-type-song
https://www.tiktok.com/discover/tell-me-im-your-type-song&amp;ved=2ahUKEwiemYbL8smKAxV6wvACHfYHNAgQr4kDegUIvAMQAA
https://www.tiktok.com/discover/what-the-f-song
https://www.tiktok.com/discover/what-the-f-song&amp;ved=2ahUKEwiemYbL8smKAxV6wvACHfYHNAgQr4kDegQIFBAA
https://www.tiktok.com/discover/xin-my-idol-full-lyrics
https://www.tiktok.com/discover/xin-my-idol-full-lyrics&amp;ved=2ahUKEwiemYbL8smKAxV6wvACHfYHNAgQr4kDegQIVRAA
https://www.tiktok.com/discover/zahide-song-komplett
https://www.tiktok.com/discover/zahide-song-komplett&amp;ved=2ahUKEwiemYbL8smKAxV6wvACHfYHNAgQr4kDegUIwwIQAA
https://www.youtube.com/channel/UCwQHR6QD2cmojCzd1GlWPYg
https://www.youtube.com/watch%3Fv%3D-41gXCtC_CU&amp;ved=2ahUKEwiemYbL8smKAxV6wvACHfYHNAgQr4kDegUIsAEQAA
https://www.youtube.com/watch%3Fv%3D-Rzyk85j79Q&amp;ved=2ahUKEwiemYbL8smKAxV6wvACHfYHNAgQr4kDegUIuwIQAA
https://www.youtube.com/watch%3Fv%3D-nd-C5HzobI&amp;ved=2ahUKEwiemYbL8smKAxV6wvACHfYHNAgQr4kDegQIGxAA
https://www.youtube.com/watch%3Fv%3D1d527uNOLiw&amp;ved=2ahUKEwiemYbL8smKAxV6wvACHfYHNAgQr4kDegUI6wEQAA
https://www.youtube.com/watch%3Fv%3D2BsP3JAUjso&amp;ved=2ahUKEwiemYbL8smKAxV6wvACHfYHNAgQr4kDegUIgwEQAA
https://www.youtube.com/watch%3Fv%3DD8tUR-2aBYI&amp;ved=2ahUKEwiemYbL8smKAxV6wvACHfYHNAgQr4kDegUI2AEQAA
https://www.youtube.com/watch%3Fv%3DE-fzxHWN8S0&amp;ved=2ahUKEwiemYbL8smKAxV6wvACHfYHNAgQr4kDegQIGRAA
https://www.youtube.com/watch%3Fv%3DGymSNKCKXHk&amp;ved=2ahUKEwiemYbL8smKAxV6wvACHfYHNAgQr4kDegUI4QEQAA
https://www.youtube.com/watch%3Fv%3DH-1dtVMIaBM&amp;ved=2ahUKEwiemYbL8smKAxV6wvACHfYHNAgQr4kDegQIHRAA
https://www.youtube.com/watch%3Fv%3DJC0e72HJFCY&amp;ved=2ahUKEwiemYbL8smKAxV6wvACHfYHNAgQr4kDegUIigIQAA
https://www.youtube.com/watch%3Fv%3DJdtE7IAZfCs&amp;ved=2ahUKEwiemYbL8smKAxV6wvACHfYHNAgQr4kDegUInwMQAA
https://www.youtube.com/watch%3Fv%3DJkG7YbAHowY&amp;ved=2ahUKEwiemYbL8smKAxV6wvACHfYHNAgQr4kDegUIuAMQAA
https://www.youtube.com/watch%3Fv%3DK2EUMqJCF-Y&amp;ved=2ahUKEwiemYbL8smKAxV6wvACHfYHNAgQr4kDegUIoAMQAA
https://www.youtube.com/watch%3Fv%3DL3DQzMzXnEY&amp;ved=2ahUKEwiemYbL8smKAxV6wvACHfYHNAgQr4kDegUI6gMQAA
https://www.youtube.com/watch%3Fv%3DL7wBY6Bkd0c&amp;ved=2ahUKEwiemYbL8smKAxV6wvACHfYHNAgQr4kDegUIkAMQAA
https://www.youtube.com/watch%3Fv%3DLGUjjK7oaB4&amp;ved=2ahUKEwiemYbL8smKAxV6wvACHfYHNAgQr4kDegQIHxAA
https://www.youtube.com/watch%3Fv%3DLcBgrvKvwQE&amp;ved=2ahUKEwiemYbL8smKAxV6wvACHfYHNAgQr4kDegUI5gIQAA
https://www.youtube.com/watch%3Fv%3DNMswtM94Sp0&amp;ved=2ahUKEwiemYbL8smKAxV6wvACHfYHNAgQr4kDegUI5QIQAA
https://www.youtube.com/watch%3Fv%3DSZmugunTZfw&amp;ved=2ahUKEwiemYbL8smKAxV6wvACHfYHNAgQr4kDegQIFRAA
https://www.youtube.com/watch%3Fv%3DU8gzpUrCTqE&amp;ved=2ahUKEwiemYbL8smKAxV6wvACHfYHNAgQr4kDegUIrAEQAA
https://www.youtube.com/watch%3Fv%3DUPDDSxVThgQ&amp;ved=2ahUKEwiemYbL8smKAxV6wvACHfYHNAgQr4kDegQIVBAA
https://www.youtube.com/watch%3Fv%3DUSZEgZ_UCtU&amp;ved=2ahUKEwiemYbL8smKAxV6wvACHfYHNAgQr4kDegUIugIQAA
https://www.youtube.com/watch%3Fv%3DVDcrA3_GbPY&amp;ved=2ahUKEwiemYbL8smKAxV6wvACHfYHNAgQr4kDegUIsQEQAA
https://www.youtube.com/watch%3Fv%3DWkCSX11v3Yk&amp;ved=2ahUKEwiemYbL8smKAxV6wvACHfYHNAgQr4kDegUI3AIQAA
https://www.youtube.com/watch%3Fv%3DX7BZK5JA9pU&amp;ved=2ahUKEwiemYbL8smKAxV6wvACHfYHNAgQr4kDegQIMhAA
https://www.youtube.com/watch%3Fv%3DXFQLaQxGxHo&amp;ved=2ahUKEwiemYbL8smKAxV6wvACHfYHNAgQr4kDegUIrgEQAA
https://www.youtube.com/watch%3Fv%3Dabb_Vlf1M5Q&amp;ved=2ahUKEwiemYbL8smKAxV6wvACHfYHNAgQr4kDegQIVhAA
https://www.youtube.com/watch%3Fv%3DaxRyG9XuqIQ&amp;ved=2ahUKEwiemYbL8smKAxV6wvACHfYHNAgQr4kDegQIHBAA
https://www.youtube.com/watch%3Fv%3Dbg00xgdbhls&amp;ved=2ahUKEwiemYbL8smKAxV6wvACHfYHNAgQr4kDegUIxQMQAA
https://www.youtube.com/watch%3Fv%3DcRvbZopoJ9Y&amp;ved=2ahUKEwiemYbL8smKAxV6wvACHfYHNAgQr4kDegUI7AMQAA
https://www.youtube.com/watch%3Fv%3DcRvbZopoJ9Y&amp;ved=2ahUKEwiemYbL8smKAxV6wvACHfYHNAgQr4kDegUIgAEQAA
https://www.youtube.com/watch%3Fv%3DdYKzjVYfesU&amp;ved=2ahUKEwiemYbL8smKAxV6wvACHfYHNAgQr4kDegUI_AMQAA
https://www.youtube.com/watch%3Fv%3DfsuotHqsdJY&amp;ved=2ahUKEwiemYbL8smKAxV6wvACHfYHNAgQr4kDegUIggEQAA
https://www.youtube.com/watch%3Fv%3DfsuotHqsdJY&amp;ved=2ahUKEwiemYbL8smKAxV6wvACHfYHNAgQr4kDegUIvgIQAA
https://www.youtube.com/watch%3Fv%3Di-QqfKD5M9U&amp;ved=2ahUKEwiemYbL8smKAxV6wvACHfYHNAgQr4kDegQIGhAA
https://www.youtube.com/watch%3Fv%3Div4cUcHCDk4&amp;ved=2ahUKEwiemYbL8smKAxV6wvACHfYHNAgQr4kDegUIjgMQAA
https://www.youtube.com/watch%3Fv%3DkFHIVfhEJZE&amp;ved=2ahUKEwiemYbL8smKAxV6wvACHfYHNAgQr4kDegUI8gIQAA
https://www.youtube.com/watch%3Fv%3Dkgk0cG_IIzo&amp;ved=2ahUKEwiemYbL8smKAxV6wvACHfYHNAgQr4kDegUIzQMQAA
https://www.youtube.com/watch%3Fv%3DmG_BtyaNQN4&amp;ved=2ahUKEwiemYbL8smKAxV6wvACHfYHNAgQr4kDegUIhAEQAA
https://www.youtube.com/watch%3Fv%3Do9o1jHq9UPw&amp;ved=2ahUKEwiemYbL8smKAxV6wvACHfYHNAgQr4kDegUIyAMQAA
https://www.youtube.com/watch%3Fv%3DpkKP5VIjQX4&amp;ved=2ahUKEwiemYbL8smKAxV6wvACHfYHNAgQr4kDegUIkgIQAA
https://www.youtube.com/watch%3Fv%3DqL6E8IafoYs&amp;ved=2ahUKEwiemYbL8smKAxV6wvACHfYHNAgQr4kDegUIrQEQAA
https://www.youtube.com/watch%3Fv%3DrEFquXqksus&amp;ved=2ahUKEwiemYbL8smKAxV6wvACHfYHNAgQr4kDegUItQIQAA
https://www.youtube.com/watch%3Fv%3DrirSiCholjE&amp;ved=2ahUKEwiemYbL8smKAxV6wvACHfYHNAgQr4kDegUIiQIQAA
https://www.youtube.com/watch%3Fv%3DtO2xJjsjD7k&amp;ved=2ahUKEwiemYbL8smKAxV6wvACHfYHNAgQr4kDegUI3wMQAA
https://www.youtube.com/watch%3Fv%3Dtqi5oyXOqek&amp;ved=2ahUKEwiemYbL8smKAxV6wvACHfYHNAgQr4kDegUIuwEQAA
https://www.youtube.com/watch%3Fv%3Dv6h5a0yXL7E&amp;ved=2ahUKEwiemYbL8smKAxV6wvACHfYHNAgQr4kDegUImwMQAA
https://www.youtube.com/watch%3Fv%3DxOZD6pwA7tM&amp;ved=2ahUKEwiemYbL8smKAxV6wvACHfYHNAgQr4kDegUIgwIQAA
https://www.youtube.com/watch%3Fv%3DxOZD6pwA7tM&amp;ved=2ahUKEwiemYbL8smKAxV6wvACHfYHNAgQr4kDegUIswIQAA
https://www.youtube.com/watch%3Fv%3DzKmKBeMwV78&amp;ved=2ahUKEwiemYbL8smKAxV6wvACHfYHNAgQr4kDegUIjwMQAA
https://www.youtube.com/watch?v=-41gXCtC_CU
https://www.youtube.com/watch?v=-Rzyk85j79Q
https://www.youtube.com/watch?v=-nd-C5HzobI
https://www.youtube.com/watch?v=1d527uNOLiw
https://www.youtube.com/watch?v=2BsP3JAUjso
https://www.youtube.com/watch?v=D8tUR-2aBYI
https://www.youtube.com/watch?v=E-fzxHWN8S0
https://www.youtube.com/watch?v=GymSNKCKXHk
https://www.youtube.com/watch?v=H-1dtVMIaBM
https://www.youtube.com/watch?v=JC0e72HJFCY
https://www.youtube.com/watch?v=JdtE7IAZfCs
https://www.youtube.com/watch?v=JkG7YbAHowY
https://www.youtube.com/watch?v=K2EUMqJCF-Y
https://www.youtube.com/watch?v=L3DQzMzXnEY
https://www.youtube.com/watch?v=L7wBY6Bkd0c
https://www.youtube.com/watch?v=LGUjjK7oaB4
https://www.youtube.com/watch?v=LcBgrvKvwQE
https://www.youtube.com/watch?v=NMswtM94Sp0
https://www.youtube.com/watch?v=SZmugunTZfw
https://www.youtube.com/watch?v=U8gzpUrCTqE
https://www.youtube.com/watch?v=UPDDSxVThgQ
https://www.youtube.com/watch?v=USZEgZ_UCtU
https://www.youtube.com/watch?v=VDcrA3_GbPY
https://www.youtube.com/watch?v=WkCSX11v3Yk
https://www.youtube.com/watch?v=X7BZK5JA9pU
https://www.youtube.com/watch?v=XFQLaQxGxHo
https://www.youtube.com/watch?v=abb_Vlf1M5Q
https://www.youtube.com/watch?v=axRyG9XuqIQ
https://www.youtube.com/watch?v=bg00xgdbhls
https://www.youtube.com/watch?v=cRvbZopoJ9Y
https://www.youtube.com/watch?v=dYKzjVYfesU
https://www.youtube.com/watch?v=fsuotHqsdJY
https://www.youtube.com/watch?v=i-QqfKD5M9U
https://www.youtube.com/watch?v=iv4cUcHCDk4
https://www.youtube.com/watch?v=kFHIVfhEJZE
https://www.youtube.com/watch?v=kgk0cG_IIzo
https://www.youtube.com/watch?v=mG_BtyaNQN4
https://www.youtube.com/watch?v=o9o1jHq9UPw
https://www.youtube.com/watch?v=pkKP5VIjQX4
https://www.youtube.com/watch?v=qL6E8IafoYs
https://www.youtube.com/watch?v=rEFquXqksus
https://www.youtube.com/watch?v=rirSiCholjE
https://www.youtube.com/watch?v=tO2xJjsjD7k
https://www.youtube.com/watch?v=tqi5oyXOqek
https://www.youtube.com/watch?v=v6h5a0yXL7E
https://www.youtube.com/watch?v=xOZD6pwA7tM
https://www.youtube.com/watch?v=zKmKBeMwV78
https://www.youtube.com/watch?v\u003d-41gXCtC_CU
https://www.youtube.com/watch?v\u003d-Rzyk85j79Q
https://www.youtube.com/watch?v\u003d-nd-C5HzobI
https://www.youtube.com/watch?v\u003d1d527uNOLiw
https://www.youtube.com/watch?v\u003d2BsP3JAUjso
https://www.youtube.com/watch?v\u003dD8tUR-2aBYI
https://www.youtube.com/watch?v\u003dE-fzxHWN8S0
https://www.youtube.com/watch?v\u003dGymSNKCKXHk
https://www.youtube.com/watch?v\u003dH-1dtVMIaBM
https://www.youtube.com/watch?v\u003dJC0e72HJFCY
https://www.youtube.com/watch?v\u003dJdtE7IAZfCs
https://www.youtube.com/watch?v\u003dJkG7YbAHowY
https://www.youtube.com/watch?v\u003dK2EUMqJCF-Y
https://www.youtube.com/watch?v\u003dL3DQzMzXnEY
https://www.youtube.com/watch?v\u003dL7wBY6Bkd0c
https://www.youtube.com/watch?v\u003dLGUjjK7oaB4
https://www.youtube.com/watch?v\u003dLcBgrvKvwQE
https://www.youtube.com/watch?v\u003dNMswtM94Sp0
https://www.youtube.com/watch?v\u003dSZmugunTZfw
https://www.youtube.com/watch?v\u003dU8gzpUrCTqE
https://www.youtube.com/watch?v\u003dUPDDSxVThgQ
https://www.youtube.com/watch?v\u003dUSZEgZ_UCtU
https://www.youtube.com/watch?v\u003dVDcrA3_GbPY
https://www.youtube.com/watch?v\u003dWkCSX11v3Yk
https://www.youtube.com/watch?v\u003dX7BZK5JA9pU
https://www.youtube.com/watch?v\u003dXFQLaQxGxHo
https://www.youtube.com/watch?v\u003dabb_Vlf1M5Q
https://www.youtube.com/watch?v\u003daxRyG9XuqIQ
https://www.youtube.com/watch?v\u003dbg00xgdbhls
https://www.youtube.com/watch?v\u003dcRvbZopoJ9Y
https://www.youtube.com/watch?v\u003ddYKzjVYfesU
https://www.youtube.com/watch?v\u003dfsuotHqsdJY
https://www.youtube.com/watch?v\u003di-QqfKD5M9U
https://www.youtube.com/watch?v\u003div4cUcHCDk4
https://www.youtube.com/watch?v\u003dkFHIVfhEJZE
https://www.youtube.com/watch?v\u003dkgk0cG_IIzo
https://www.youtube.com/watch?v\u003dmG_BtyaNQN4
https://www.youtube.com/watch?v\u003do9o1jHq9UPw
https://www.youtube.com/watch?v\u003dpkKP5VIjQX4
https://www.youtube.com/watch?v\u003dqL6E8IafoYs
https://www.youtube.com/watch?v\u003drEFquXqksus
https://www.youtube.com/watch?v\u003drirSiCholjE
https://www.youtube.com/watch?v\u003dtO2xJjsjD7k
https://www.youtube.com/watch?v\u003dtqi5oyXOqek
https://www.youtube.com/watch?v\u003dv6h5a0yXL7E
https://www.youtube.com/watch?v\u003dxOZD6pwA7tM
https://www.youtube.com/watch?v\u003dzKmKBeMwV78
